ENSG00000000003_TSPAN6 2.838088 0.1880678 0.26653531 0.19251275 0.22577654 0.31517540 0.9722555
ENSG00000000005_TNMD 3.215488 0.1082168 0.32033310 0.19437701 0.23097606 0.25431383 0.9959768
ENSG00000000457_SCYL3 2.784922 0.2773102 0.26173553 0.24238508 0.24605793 0.24982146 0.9503983
ENSG00000000938_FGR 2.721722 0.1636554 0.22528617 0.28790919 0.29799920 0.18880544 1.014835
ENSG00000001036_FUCA2 2.166654 0.2578264 0.25518177 0.23689992 0.25653810 0.25138021 0.9812062
ENSG00000001084_GCLC 2.664209 0.08098933 0.29475754 0.21896746 0.24838408 0.23789092 1.034484
ENSG00000001167_NFYA 3.042333 0.02889202 0.27887776 0.26274185 0.27827549 0.18010490 0.9637857
ENSG00000001460_STPG1 2.593773 0.3343393 0.27944968 0.28988948 0.19820303 0.23245782 0.9701954
ENSG00000001461_NIPAL3 3.053447 0.1170145 0.21405915 0.28565250 0.25088565 0.24940270 0.9611077
ENSG00000001497_LAS1L 2.245944 0.381092 0.26108407 0.22823745 0.29831910 0.21235937 0.9517983
ENSG00000001561_ENPP4 3.472968 0.2023353 0.30307998 0.20946032 0.19778518 0.28967452 1.024295
ENSG00000001617_SEMA3F 3.716818 0.06299713 0.20070248 0.33574588 0.27776201 0.18578964 0.9715083
ENSG00000001626_CFTR 2.769586 0.1638444 0.29966084 0.20248638 0.22124414 0.27660864 0.9484679
ENSG00000001629_ANKIB1 3.019942 0.125781 0.29847170 0.22255347 0.23600125 0.24297358 0.9590686
ENSG00000001630_CYP51A1 2.525721 0.1391526 0.28227543 0.21738973 0.23521746 0.26511737 0.9432131
ENSG00000001631_KRIT1 3.881776 0.05617263 0.34820511 0.18934959 0.20036487 0.26208043 0.9742626
ENSG00000002016_RAD52 2.546408 0.3369964 0.27538761 0.25162763 0.27885540 0.19412936 0.9766341
ENSG00000002330_BAD 2.456462 0.285138 0.19762615 0.32877273 0.33859557 0.13500555 0.9760958
ENSG00000002549_LAP3 2.726237 0.1336637 0.26151838 0.23242835 0.28384249 0.22221077 0.9969277
ENSG00000002587_HS3ST1 1.954587 0.1212003 0.20816072 0.34250674 0.27441310 0.17491944 1.002943
ENSG00000002745_WNT16 2.76622 0.0993464 0.25425107 0.24973466 0.29686336 0.19915092 1.007679
ENSG00000002746_HECW1 2.180404 0.1480169 0.24254296 0.27938032 0.27918386 0.19889286 0.9775422
ENSG00000002834_LASP1 2.51487 0.1310939 0.26094533 0.29456182 0.29931751 0.14517534 0.9708736
ENSG00000002919_SNX11 2.951587 0.1937072 0.22099945 0.26218747 0.27875921 0.23805387 0.9611313
ENSG00000003056_M6PR 2.829227 0.1406817 0.25271528 0.21974399 0.29169899 0.23584174 0.9862125
ENSG00000003096_KLHL13 2.778378 0.05839314 0.27606040 0.21801351 0.23429699 0.27162911 0.9435148
ENSG00000003137_CYP26B1 2.585983 0.07377936 0.19282204 0.31901851 0.30516601 0.18299344 0.9933458
ENSG00000003147_ICA1 2.853451 0.1555821 0.30423105 0.22792494 0.24832597 0.21951803 0.9470344
ENSG00000003249_DBNDD1 3.027884 0.1848154 0.20996112 0.31790409 0.31352219 0.15861260 0.9836626
ENSG00000003393_ALS2 3.0889 0.13826 0.27239382 0.21873616 0.25911581 0.24975421 0.9838764
ENSG00000003436_TFPI 2.251133 0.4311303 0.34100418 0.17249905 0.21785850 0.26863827 0.9508768
ENSG00000003509_NDUFAF7 2.806423 0.2107916 0.27215828 0.20801845 0.25962097 0.26020230 0.9438469
ENSG00000003756_RBM5 3.409775 0.04245865 0.29805271 0.23062541 0.26270835 0.20861353 0.9813826
ENSG00000003987_MTMR7 2.658876 0.09001743 0.27871159 0.23977797 0.24832565 0.23318479 0.9701383
ENSG00000003989_SLC7A2 2.472432 0.1429803 0.21372444 0.24954226 0.24860136 0.28813193 0.9923582
ENSG00000004059_ARF5 2.311299 0.07555963 0.23291446 0.26284171 0.30037478 0.20386905 1.022441
ENSG00000004139_SARM1 2.818349 0.1091693 0.17101700 0.31088171 0.34024153 0.17785977 0.9808196
ENSG00000004142_POLDIP2 2.992275 0.08381777 0.22317530 0.28124350 0.28191932 0.21366188 0.9811022
ENSG00000004399_PLXND1 2.590212 0.1245346 0.20321758 0.32552480 0.29256018 0.17869744 0.9711392
ENSG00000004455_AK2 3.090354 0.09819739 0.25661159 0.25981484 0.27337005 0.21020352 0.9744261
ENSG00000004468_CD38 2.333036 0.5610857 0.26989956 0.23465160 0.25291902 0.24252982 0.9490919
ENSG00000004478_FKBP4 2.533924 0.1747157 0.26672090 0.23964205 0.31028338 0.18335367 0.9806476
ENSG00000004487_KDM1A 2.479382 0.05069534 0.27220283 0.23936512 0.26763785 0.22079420 0.9540032
ENSG00000004534_RBM6 2.934821 0.2233713 0.30840954 0.21215110 0.26843883 0.21100054 0.9691248
ENSG00000004660_CAMKK1 3.082803 0.1242499 0.22942643 0.27739364 0.30673317 0.18644676 0.9647804
ENSG00000004700_RECQL 2.57645 0.1634132 0.32626477 0.17642239 0.23134608 0.26596675 0.934119
ENSG00000004766_CCDC132 3.059504 0.05838927 0.32958994 0.18687694 0.21661218 0.26692093 0.9455416
ENSG00000004799_PDK4 2.589219 0.1169202 0.27762552 0.23781756 0.21890489 0.26565203 0.9687269
ENSG00000004809_SLC22A16 2.746089 0.4966651 0.22915361 0.21734587 0.26041449 0.29308603 0.9675371
ENSG00000004838_ZMYND10 3.219563 0.179935 0.23574929 0.27716877 0.30072651 0.18635543 0.9625083
ENSG00000004846_ABCB5 3.176927 0.2547986 0.30765159 0.19202535 0.23037281 0.26995026 0.9516468
ENSG00000004848_ARX 1.578995 0.2709285 0.18364833 0.34448866 0.33612808 0.13573492 0.9709063
ENSG00000004864_SLC25A13 3.438141 0.08309972 0.25727814 0.22303842 0.25173160 0.26795184 0.9456557
ENSG00000004897_CDC27 2.645094 0.0954853 0.33231370 0.21071700 0.18941317 0.26755613 0.9323689
ENSG00000004939_SLC4A1 2.697395 0.2732237 0.18775158 0.30998226 0.27962484 0.22264132 0.9850841
ENSG00000004948_CALCR 2.076027 0.2624576 0.23297192 0.26294134 0.24142341 0.26266333 0.9764298
ENSG00000004961_HCCS 3.085421 0.1270373 0.27052581 0.22733558 0.26907863 0.23305998 0.9574611
ENSG00000004975_DVL2 3.60166 0.0484162 0.20317242 0.31405873 0.29227532 0.19049353 0.9678164
ENSG00000005007_UPF1 2.607853 0.01919337 0.22891877 0.28986629 0.29274307 0.18847187 0.991657
ENSG00000005020_SKAP2 2.624643 0.2222929 0.32594436 0.18615698 0.24202669 0.24587197 0.9350069
ENSG00000005022_SLC25A5 2.970325 0.1079394 0.23274825 0.24669073 0.27245944 0.24810158 0.9635985
ENSG00000005059_CCDC109B 2.772042 0.3006947 0.29049610 0.22455526 0.23356340 0.25138524 0.9632252
ENSG00000005073_HOXA11 1.581745 0.1967513 0.21553767 0.34375000 0.26718438 0.17352794 0.97087
ENSG00000005100_DHX33 2.291845 0.123915 0.22929970 0.29180714 0.27599519 0.20289798 0.9708698
ENSG00000005102_MEOX1 3.398319 0.1722579 0.22781013 0.33273337 0.29885301 0.14060349 0.9789275
ENSG00000005108_THSD7A 2.799967 0.09909095 0.26956869 0.23924180 0.28279399 0.20839552 0.9692821
ENSG00000005156_LIG3 3.230264 0.1718828 0.26297648 0.25647061 0.27268239 0.20787052 0.9773653
ENSG00000005175_RPAP3 2.930156 0.2420169 0.37142102 0.17459986 0.21008719 0.24389192 0.9554104
ENSG00000005187_ACSM3 3.418628 0.2507733 0.31075714 0.20261633 0.23114262 0.25548391 0.9675492
ENSG00000005189_NONAME 3.059619 0.3930617 0.28690326 0.23066854 0.23625003 0.24617816 0.9684791
ENSG00000005194_CIAPIN1 3.577738 0.2130873 0.24940646 0.24258072 0.28071581 0.22729701 0.9920555
ENSG00000005238_FAM214B 4.624276 0.2823984 0.18251147 0.33303296 0.28577388 0.19868169 0.9725657
ENSG00000005243_COPZ2 1.951459 0.2269224 0.23812308 0.23919505 0.29177021 0.23091166 0.9776123
ENSG00000005249_PRKAR2B 2.321095 0.09728704 0.29179096 0.20103856 0.27983648 0.22733400 0.9488374
ENSG00000005339_CREBBP 3.349901 0.07806748 0.25791007 0.31026290 0.25471576 0.17711127 0.9642652
ENSG00000005379_BZRAP1 3.434307 0.2917176 0.20191074 0.30741560 0.33193893 0.15873473 0.9834558
ENSG00000005381_MPO 2.515786 0.2073842 0.20103194 0.32873817 0.28228760 0.18794228 0.9804096
ENSG00000005421_PON1 2.649289 0.2637726 0.28248544 0.20773317 0.22831750 0.28146389 1.046984
ENSG00000005436_GCFC2 2.539139 0.4147498 0.33676316 0.20094683 0.21989541 0.24239460 0.969893
ENSG00000005448_WDR54 3.306117 0.1812031 0.19182577 0.28739924 0.29302786 0.22774714 0.9855321
ENSG00000005469_CROT 2.839791 0.2567536 0.30380507 0.19420104 0.22634338 0.27565052 0.9364664
ENSG00000005483_KMT2E 2.887343 0.156312 0.32475641 0.23956557 0.20372199 0.23195604 0.9563186
ENSG00000005486_RHBDD2 2.497891 0.2193295 0.14940036 0.34848485 0.26836385 0.23375094 0.9821094
ENSG00000005513_SOX8 3.945467 0.1142264 0.18358562 0.37883064 0.31163944 0.12594430 0.9821148
ENSG00000005700_IBTK 3.255098 0.2432198 0.31192385 0.17910494 0.21988372 0.28908748 0.9763745
ENSG00000005810_MYCBP2 2.920733 0.04559664 0.29901209 0.21007815 0.23549541 0.25541435 0.9622908
ENSG00000005812_FBXL3 3.44634 0.05904026 0.28089992 0.20419766 0.22175623 0.29314619 0.9873989
ENSG00000005844_ITGAL 2.788181 0.359369 0.23550313 0.26511577 0.28223387 0.21714723 0.9651941
ENSG00000005882_PDK2 2.358732 0.1166352 0.22377588 0.32160730 0.25041703 0.20419978 1.029637
ENSG00000005884_ITGA3 3.091802 0.193481 0.20642202 0.30393499 0.29440587 0.19523713 0.967523
ENSG00000005893_LAMP2 2.670722 0.4660251 0.28529063 0.21470937 0.20841806 0.29158194 0.9620869
ENSG00000005981_ASB4 2.427905 0.1083475 0.25286289 0.26210667 0.24361911 0.24141133 0.964305
ENSG00000006015_C19orf60 2.107381 0.3042786 0.18998308 0.31668359 0.34788494 0.14544839 0.9800609
ENSG00000006025_OSBPL7 2.817763 0.1178406 0.21688168 0.30714522 0.29500496 0.18096813 0.9779626
ENSG00000006042_TMEM98 3.65762 0.02253955 0.20770057 0.27692131 0.28497469 0.23040344 0.9715167
ENSG00000006062_MAP3K14 3.410788 0.1823469 0.23339195 0.30867036 0.28736192 0.17057577 1.000195
ENSG00000006071_ABCC8 3.067787 0.08895849 0.21150658 0.30834510 0.26691649 0.21323183 0.9741552
ENSG00000006116_CACNG3 2.570669 0.03837531 0.24060369 0.29278769 0.23453780 0.23207082 0.9835206
ENSG00000006118_TMEM132A 3.603461 0.1835058 0.15958820 0.33592396 0.33498979 0.16949805 0.976054
ENSG00000006125_AP2B1 2.740862 0.07248592 0.27717693 0.23452579 0.23728046 0.25101682 0.9782059
ENSG00000006194_ZNF263 2.70319 0.2320373 0.26679858 0.25936461 0.28501938 0.18881743 0.9846891
ENSG00000006210_CX3CL1 3.200042 0.492128 0.20597967 0.32116927 0.28827156 0.18457949 0.9705515
ENSG00000006283_CACNA1G 3.045581 0.1260582 0.19267427 0.31737466 0.28979590 0.20015517 0.9701255
ENSG00000006327_TNFRSF12A 2.417615 0.2282088 0.12981467 0.33188146 0.34093432 0.19736954 0.9804762
ENSG00000006377_DLX6 1.553827 0.1759614 0.25457947 0.32319541 0.24940173 0.17282339 0.9662808
ENSG00000006432_MAP3K9 3.304685 0.08366907 0.22371383 0.30538626 0.28994857 0.18095134 0.9991835
ENSG00000006451_RALA 2.465608 0.03416394 0.32523887 0.17048442 0.27892519 0.22535153 0.94845
ENSG00000006453_BAIAP2L1 3.117766 0.1605429 0.31828505 0.24422253 0.23004109 0.20745133 0.9486311
ENSG00000006459_KDM7A 3.314431 0.1594207 0.32264615 0.20460054 0.23314336 0.23960995 0.9370034
ENSG00000006468_ETV1 2.587599 0.06224395 0.27988126 0.27017429 0.22901528 0.22092917 0.9944305
ENSG00000006530_AGK 2.349234 0.1685416 0.27472157 0.24726836 0.25992126 0.21808880 0.9520393
ENSG00000006534_ALDH3B1 2.104691 0.2348187 0.18568449 0.32416953 0.31764913 0.17249684 0.9791762
ENSG00000006576_PHTF2 2.702616 0.132856 0.30698194 0.19900006 0.21496383 0.27905417 0.953511
ENSG00000006634_DBF4 3.350711 0.4570392 0.36957562 0.17750516 0.18594346 0.26697575 0.937143
ENSG00000006652_IFRD1 2.86883 0.09845683 0.29860076 0.19692625 0.24874795 0.25572504 0.9442239
ENSG00000006695_COX10 2.654215 0.2125108 0.22584246 0.29042713 0.24990341 0.23382700 0.9847322
ENSG00000006712_PAF1 3.187236 0.05155356 0.28165609 0.24231597 0.30282829 0.17319965 0.9562822
ENSG00000006715_VPS41 2.810321 0.05116214 0.30373272 0.19491297 0.24605307 0.25530124 0.9291807
ENSG00000006740_ARHGAP44 2.176725 0.1459994 0.24048247 0.29905634 0.26810991 0.19235128 0.9713765
ENSG00000006744_ELAC2 2.64108 0.215012 0.23018937 0.28184106 0.28820642 0.19976315 0.9961811
ENSG00000006831_ADIPOR2 3.109982 0.11467 0.21592102 0.24544330 0.24826717 0.29036850 0.9699464
ENSG00000007047_MARK4 2.15695 0.1464058 0.21540788 0.33170363 0.30023077 0.15265772 0.9732947
ENSG00000007168_PAFAH1B1 3.174164 0.07204867 0.29989049 0.18981130 0.25016848 0.26012973 0.9962314
ENSG00000007174_DNAH9 3.066234 0.1685172 0.26177845 0.25686399 0.26338432 0.21797323 0.9853324
ENSG00000007202_KIAA0100 3.263894 0.1204809 0.24291944 0.26152654 0.25928686 0.23626716 0.9539579
ENSG00000007216_SLC13A2 2.458664 0.3105016 0.19089170 0.33045588 0.25170703 0.22694539 0.9767018
ENSG00000007237_GAS7 3.493273 0.05441401 0.28496312 0.27370233 0.28231079 0.15902375 0.9722557
ENSG00000007255_TRAPPC6A 2.838287 0.233621 0.17679667 0.31320531 0.31577905 0.19421897 0.9859372
ENSG00000007264_MATK 2.205064 0.1176606 0.20072806 0.30081463 0.33435440 0.16410291 0.970133
ENSG00000007312_CD79B 2.405278 0.4889193 0.23893572 0.27946084 0.29517914 0.18642431 0.9614913
ENSG00000007350_TKTL1 3.204362 0.2789298 0.24111684 0.25364589 0.27225422 0.23298306 0.9717443
ENSG00000007376_RPUSD1 3.428745 0.1229572 0.19838788 0.33600862 0.30015287 0.16545063 0.9868597
ENSG00000007384_RHBDF1 2.741093 0.07421808 0.18245303 0.32565625 0.30011146 0.19177926 0.9790591
ENSG00000007392_LUC7L 2.465829 0.08289511 0.28020090 0.22389638 0.31985197 0.17605075 0.9279705
ENSG00000007402_CACNA2D2 3.071708 0.07412738 0.24097339 0.28202122 0.28158385 0.19542155 0.9769729
ENSG00000007516_BAIAP3 2.475127 0.1756692 0.19678243 0.30770212 0.31652539 0.17899006 0.9746214
ENSG00000007520_TSR3 2.971309 0.2450358 0.18501313 0.29455329 0.34827981 0.17215377 0.9763712
ENSG00000007541_PIGQ 3.006206 0.1901492 0.15441297 0.33325164 0.29475868 0.21757671 0.9756894
ENSG00000007545_CRAMP1L 3.29938 0.1656859 0.20681871 0.33158793 0.28178574 0.17980762 0.9712681
ENSG00000007866_TEAD3 2.970061 0.06735469 0.22162243 0.32375811 0.27361138 0.18100808 0.9769417
ENSG00000007908_SELE 2.845099 0.3474702 0.24929687 0.25459793 0.26408093 0.23202427 0.9690197
ENSG00000007923_DNAJC11 2.632602 0.05762888 0.25667823 0.25355882 0.28958244 0.20018051 0.959602
ENSG00000007933_FMO3 3.164257 0.2636419 0.26709009 0.23057923 0.24365331 0.25867736 0.9785842
ENSG00000007944_MYLIP 2.589374 0.05955537 0.25221415 0.25386235 0.27791016 0.21601334 1.016933
ENSG00000007952_NOX1 3.4519 0.3595888 0.24764931 0.23453005 0.23085071 0.28696993 0.9596727
ENSG00000007968_E2F2 2.508725 0.2195698 0.21594081 0.33389585 0.28716384 0.16299950 0.9722617
ENSG00000008018_PSMB1 2.321294 0.08811008 0.25375254 0.23866559 0.26515413 0.24242773 0.9724622
ENSG00000008056_SYN1 3.174388 0.09651556 0.20727278 0.34973858 0.28187909 0.16110955 0.9759802
ENSG00000008083_JARID2 2.221587 0.1610894 0.26143415 0.27750709 0.28839347 0.17266529 0.9615245
ENSG00000008118_CAMK1G 2.885632 0.1369907 0.25017112 0.28117007 0.26405850 0.20460031 0.9593456
ENSG00000008196_TFAP2B 1.775032 0.08443454 0.23080566 0.31967876 0.25918033 0.19033525 0.9685464
ENSG00000008197_TFAP2D 3.035269 0.0290327 0.26065937 0.29384126 0.23722429 0.20827509 1.01593
ENSG00000008256_CYTH3 1.882112 0.04644908 0.29169400 0.24067731 0.27036416 0.19726453 0.971704
ENSG00000008277_ADAM22 2.421739 0.137131 0.29303783 0.20256762 0.24988077 0.25451378 0.9406387
ENSG00000008282_SYPL1 2.304613 0.4002969 0.23704260 0.21951568 0.22012376 0.32331795 0.9516091
ENSG00000008283_CYB561 3.121708 0.1845727 0.15544531 0.30852823 0.29840932 0.23761714 0.9706323
ENSG00000008294_SPAG9 2.982599 0.08345107 0.31084195 0.20548113 0.25860674 0.22507018 0.9426048
ENSG00000008300_CELSR3 3.171797 0.1326063 0.18663414 0.31830202 0.29912336 0.19594047 0.9840688
ENSG00000008311_AASS 3.054622 0.1524642 0.28655067 0.20817643 0.24582429 0.25944861 0.9912753
ENSG00000008323_PLEKHG6 3.240205 0.2728441 0.21516804 0.31537758 0.29316153 0.17629285 0.9951915
ENSG00000008324_SS18L2 2.28525 0.1528358 0.27549528 0.24797234 0.27310198 0.20343039 1.011016
ENSG00000008382_MPND 2.061334 0.1527236 0.20305461 0.30568345 0.32598148 0.16528046 0.9706237
ENSG00000008394_MGST1 2.919053 0.2417373 0.26561065 0.22572314 0.21223600 0.29643021 0.9673671
ENSG00000008405_CRY1 2.7627 0.08714592 0.27795754 0.21674898 0.24631017 0.25898331 0.9947391
ENSG00000008513_ST3GAL1 2.406833 0.1824585 0.22751801 0.29802504 0.27682362 0.19763333 0.9643509
ENSG00000008516_MMP25 2.133787 0.2177069 0.17241578 0.34834437 0.29622804 0.18301181 0.9918474
ENSG00000008710_PKD1 3.765643 0.2042274 0.16602087 0.32826906 0.31365822 0.19205185 0.9790646
ENSG00000008735_MAPK8IP2 2.18916 0.1465984 0.17652777 0.33282173 0.32242345 0.16822705 0.985376
ENSG00000008838_MED24 2.951322 0.09213768 0.21870785 0.29735505 0.27337671 0.21056039 0.9650866
ENSG00000008853_RHOBTB2 3.048825 0.06443295 0.20144243 0.31354028 0.28163727 0.20338002 0.9677404
ENSG00000008869_HEATR5B 2.980589 0.05615967 0.26962935 0.22244137 0.23309101 0.27483827 0.9867724
ENSG00000009307_CSDE1 3.212166 0.1016712 0.30409946 0.19372219 0.23918938 0.26298897 0.9355675
ENSG00000009335_UBE3C 2.476865 0.1062049 0.26352038 0.22624693 0.24214925 0.26808343 0.947487
ENSG00000009413_REV3L 3.564632 0.2421743 0.33682790 0.20185055 0.19574911 0.26557243 0.9777292
ENSG00000009694_TENM1 3.240203 0.04908494 0.27951263 0.23043911 0.24031775 0.24973051 0.9471071
ENSG00000009724_MASP2 2.605916 0.2751019 0.24634786 0.26984060 0.26213248 0.22167906 0.9864066
ENSG00000009765_IYD 2.57754 0.2714707 0.28871048 0.23201394 0.26142021 0.21785536 0.9777381
ENSG00000009780_FAM76A 2.49985 0.09279347 0.32651194 0.22868314 0.24371239 0.20109253 0.9580166
ENSG00000009790_TRAF3IP3 3.233802 0.387461 0.29855755 0.25955792 0.27543491 0.16644963 0.9818176
ENSG00000009830_POMT2 3.127821 0.188481 0.20166046 0.29094617 0.26129511 0.24609825 0.9928698
ENSG00000009844_VTA1 2.314442 0.1289814 0.30534810 0.22891808 0.22288036 0.24285346 0.9671812
ENSG00000009950_MLXIPL 2.475231 0.2486425 0.18869095 0.37074426 0.26468725 0.17587754 0.9857754
ENSG00000009954_BAZ1B 2.967967 0.08578398 0.31665179 0.21050218 0.26844140 0.20440462 0.9846219
ENSG00000010017_RANBP9 3.135812 0.06047427 0.31745185 0.20604444 0.22743704 0.24906667 0.9384206
ENSG00000010219_DYRK4 2.809286 0.3096847 0.28792101 0.25153955 0.23733099 0.22320845 0.9526237
ENSG00000010256_UQCRC1 2.929902 0.1413885 0.20838471 0.28175986 0.30450866 0.20534677 0.9859135
ENSG00000010270_STARD3NL 2.87209 0.1072268 0.26260711 0.21769209 0.23865711 0.28104369 0.946577
ENSG00000010278_CD9 2.10923 0.216469 0.23194463 0.24687650 0.26842541 0.25275347 0.9846305
ENSG00000010282_HHATL 2.901813 0.1426347 0.17193718 0.30173144 0.28443824 0.24189315 0.9894609
ENSG00000010292_NCAPD2 2.988137 0.1951925 0.24647900 0.26933920 0.27159937 0.21258243 0.9968659
ENSG00000010310_GIPR 2.516479 0.2661293 0.16583997 0.32289083 0.29604490 0.21522430 0.977614
ENSG00000010318_PHF7 3.62435 0.3011042 0.29276028 0.23370516 0.25004374 0.22349081 0.9902086
ENSG00000010319_SEMA3G 4.18795 0.1723601 0.17693345 0.31362549 0.31976977 0.18967129 0.9868282
ENSG00000010322_NISCH 2.814937 0.1472695 0.21366257 0.31148155 0.27801747 0.19683841 0.9939101
ENSG00000010327_STAB1 3.102018 0.2365942 0.18516467 0.31230335 0.30420315 0.19832882 0.9818344
ENSG00000010361_FUZ 2.286392 0.1872308 0.16437193 0.32527881 0.31460829 0.19574097 0.9889482
ENSG00000010379_SLC6A13 2.835518 0.1505044 0.18805059 0.29638926 0.27119117 0.24436898 0.993843
ENSG00000010626_LRRC23 2.212076 0.2599311 0.26997377 0.25714816 0.28218989 0.19068818 0.9688649
ENSG00000010671_BTK 2.611216 0.07701765 0.29546932 0.22620232 0.24336982 0.23495854 0.9461786
ENSG00000010704_HFE 2.96862 0.3669352 0.22098111 0.26875934 0.30156271 0.20869683 0.9634881
ENSG00000010803_SCMH1 2.649542 0.2031284 0.24546957 0.30096738 0.23848737 0.21507568 0.962029
ENSG00000010810_FYN 2.849373 0.03168411 0.28412369 0.24245703 0.26120928 0.21221000 1.046367
ENSG00000010818_HIVEP2 2.604739 0.1331949 0.27651758 0.26601226 0.24160578 0.21586438 0.9550967
ENSG00000010932_FMO1 2.825779 0.2440701 0.27251545 0.24018168 0.23285381 0.25444906 0.9820933
ENSG00000011007_TCEB3 3.151656 0.2432544 0.31095635 0.24853564 0.25863093 0.18187708 0.9658454
ENSG00000011009_LYPLA2 3.552858 0.06680173 0.19400540 0.30521982 0.28281755 0.21795723 0.9802828
ENSG00000011021_CLCN6 2.573331 0.07921019 0.20814328 0.27566495 0.27386806 0.24232372 0.9615851
ENSG00000011028_MRC2 3.119655 0.1324837 0.20285148 0.31244104 0.30988965 0.17481783 0.9710933
ENSG00000011083_SLC6A7 2.808753 0.08218766 0.17401709 0.31592716 0.27757711 0.23247863 0.9690472
ENSG00000011105_TSPAN9 2.244907 0.1377031 0.20666508 0.27645377 0.27470607 0.24217509 0.9696198
ENSG00000011114_BTBD7 3.156725 0.106182 0.27996946 0.24591007 0.23018136 0.24393911 0.9610139
ENSG00000011132_APBA3 2.916942 0.1946504 0.18311385 0.34251658 0.30692233 0.16744724 0.9796696
ENSG00000011143_MKS1 3.324227 0.1544927 0.23728046 0.26961060 0.28328333 0.20982561 0.9871441
ENSG00000011198_ABHD5 2.905361 0.1016445 0.26812486 0.22133700 0.25038024 0.26015789 0.9578089
ENSG00000011243_AKAP8L 3.371932 0.1196866 0.25930442 0.26106044 0.31335057 0.16628457 0.9911043
ENSG00000011258_MBTD1 3.152322 0.0531589 0.30814834 0.20258358 0.23035783 0.25891025 1.017848
ENSG00000011260_UTP18 2.307424 0.2550694 0.29030410 0.20044846 0.26439491 0.24485253 1.014486
ENSG00000011275_RNF216 2.978605 0.163839 0.29216423 0.25026673 0.23942304 0.21814601 0.9723784
ENSG00000011304_PTBP1 2.505064 0.1119286 0.23078119 0.31878423 0.25841066 0.19202391 0.9723218
ENSG00000011332_DPF1 2.050405 0.1322603 0.23663653 0.29451928 0.29931722 0.16952697 0.9846955
ENSG00000011347_SYT7 2.392726 0.1424311 0.23356276 0.31876385 0.28401671 0.16365669 0.9924864
ENSG00000011376_LARS2 2.874041 0.1658149 0.24571463 0.26516766 0.27630512 0.21281258 0.9795535
ENSG00000011405_PIK3C2A 3.244002 0.1894518 0.31857748 0.19797266 0.20241210 0.28103777 0.9893929
ENSG00000011422_PLAUR 2.367163 0.4044953 0.21302972 0.31668718 0.28096243 0.18932067 0.9714027
ENSG00000011426_ANLN 2.833714 0.2533352 0.31824585 0.22582862 0.22436909 0.23155644 1.005331
ENSG00000011451_WIZ 3.405938 0.1714866 0.19658065 0.33962763 0.30191187 0.16187986 0.9734089
ENSG00000011454_RABGAP1 3.126556 0.05447015 0.31619285 0.20073133 0.23973000 0.24334582 0.9578713
ENSG00000011465_DCN 2.453663 0.1550409 0.28671057 0.25174921 0.21340376 0.24813646 0.9691557
ENSG00000011478_QPCTL 2.562826 0.1869276 0.16114790 0.35147854 0.29039614 0.19697742 0.9853302
ENSG00000011485_PPP5C 2.927875 0.06306164 0.24730863 0.29201610 0.28214279 0.17853248 0.9611335
ENSG00000011523_CEP68 3.354696 0.4690235 0.21139140 0.30300544 0.28554608 0.20005709 0.9713843
ENSG00000011566_MAP4K3 2.548387 0.06677239 0.32381805 0.20573592 0.20996379 0.26048224 0.9451753
ENSG00000011600_TYROBP 2.858457 0.274644 0.18464429 0.29293706 0.31591084 0.20650781 0.9820963
ENSG00000011638_TMEM159 3.38563 0.3795151 0.19189730 0.25975325 0.25897521 0.28937424 0.9930677
ENSG00000011677_GABRA3 3.018416 0.0774212 0.26663294 0.26112454 0.22318401 0.24905851 0.9677894
ENSG00000012124_CD22 2.38779 0.5540753 0.25029284 0.27806398 0.26745363 0.20418955 0.9643115
ENSG00000012171_SEMA3B 3.217733 0.125246 0.17748782 0.31257918 0.32227055 0.18766245 0.9718158
ENSG00000012174_MBTPS2 2.80453 0.1208651 0.23578280 0.22822885 0.20853032 0.32745803 0.9402153
ENSG00000012211_PRICKLE3 3.074093 0.1444406 0.18801707 0.33778520 0.29187535 0.18232239 0.9890354
ENSG00000012223_LTF 2.61433 0.409719 0.23590846 0.25657136 0.29522645 0.21229372 0.9663212
ENSG00000012232_EXTL3 3.00057 0.0419847 0.21797663 0.28145165 0.26324633 0.23732538 0.9578125
ENSG00000012504_NR1H4 2.681024 0.116013 0.31536244 0.20672571 0.23807551 0.23983635 0.9631448
ENSG00000012779_ALOX5 2.640847 0.1016527 0.23828414 0.28209299 0.27222839 0.20739448 0.9964185
ENSG00000012822_CALCOCO1 3.390822 0.1481522 0.25008757 0.26063643 0.32336378 0.16591221 0.9900249
ENSG00000012983_MAP4K5 2.812575 0.09718015 0.32601678 0.20423702 0.20731656 0.26242965 1.025532
ENSG00000013016_EHD3 2.864248 0.04516459 0.23596809 0.27620257 0.30099842 0.18683093 0.9742276
ENSG00000013275_PSMC4 3.35348 0.01220288 0.25572368 0.26046053 0.28629386 0.19752193 0.955665
ENSG00000013293_SLC7A14 3.303986 0.06003561 0.21785435 0.27349242 0.26822238 0.24043085 1.063536
ENSG00000013297_CLDN11 2.319133 0.05402515 0.14271369 0.31764361 0.30057320 0.23906950 0.979722
ENSG00000013374_NUB1 2.691178 0.1121577 0.33304220 0.20872818 0.25286403 0.20536559 1.035411
ENSG00000013375_PGM3 3.246309 0.158607 0.29984607 0.19979267 0.25671473 0.24364653 0.9519332
ENSG00000013392_RWDD2A 2.350981 0.1113434 0.29466328 0.21544295 0.24339569 0.24649807 0.9601858
ENSG00000013441_CLK1 3.35298 0.0980816 0.33734275 0.17724196 0.22861031 0.25680497 1.049603
ENSG00000013503_POLR3B 3.026791 0.01679953 0.29482847 0.20928885 0.24652516 0.24935752 1.117808
ENSG00000013523_ANGEL1 3.197934 0.1874839 0.20935892 0.28974927 0.28084391 0.22004790 0.9632129
ENSG00000013561_RNF14 2.649077 0.1014171 0.26553514 0.21600255 0.25596208 0.26250023 0.9609281
ENSG00000013563_DNASE1L1 2.80222 0.2980635 0.19296434 0.31226766 0.27846620 0.21630180 0.9758095
ENSG00000013573_DDX11 2.830954 0.2149559 0.23629572 0.26702719 0.30182000 0.19485709 0.9483632
ENSG00000013583_HEBP1 3.366365 0.1498044 0.25706007 0.24124552 0.30047640 0.20121801 0.9545878
ENSG00000013588_GPRC5A 2.814344 0.3139465 0.19152367 0.30458336 0.24436213 0.25953083 0.980333
ENSG00000013619_MAMLD1 2.170496 0.3268113 0.22359079 0.34618653 0.23913754 0.19108513 0.9745384
ENSG00000013725_CD6 2.803594 0.3880027 0.19414122 0.32642439 0.30003224 0.17940215 0.9717952
ENSG00000013810_TACC3 2.575109 0.4120398 0.26012386 0.27736248 0.29136612 0.17114754 0.9661686
ENSG00000014123_UFL1 2.938201 0.160977 0.33202750 0.17966919 0.22824170 0.26006161 0.9745807
ENSG00000014138_POLA2 2.922037 0.1957378 0.24464260 0.27377120 0.26195447 0.21963172 0.9613959
ENSG00000014216_CAPN1 2.039588 0.1307951 0.21308133 0.28365096 0.30823726 0.19503046 0.9773382
ENSG00000014257_ACPP 2.656046 0.3220117 0.25760095 0.25376198 0.23134405 0.25729301 0.9750499
ENSG00000014641_MDH1 2.94789 0.09520336 0.27670354 0.21667860 0.24437018 0.26224769 0.9425812
ENSG00000014824_SLC30A9 3.047099 0.1464734 0.30717303 0.19409748 0.23547330 0.26325618 1.003649
ENSG00000014919_COX15 3.48876 0.1660011 0.21335073 0.26185742 0.26633114 0.25846071 0.9864315
ENSG00000015133_CCDC88C 2.596079 0.1991861 0.25802833 0.28728304 0.31249258 0.14219605 0.9678747
ENSG00000015153_YAF2 1.846839 0.1709126 0.33144947 0.22368129 0.24739583 0.19747340 0.9546096
ENSG00000015171_ZMYND11 2.691713 0.03078427 0.32261296 0.20997037 0.25902071 0.20839595 0.9429921
ENSG00000015285_WAS 2.514256 0.1775819 0.22148429 0.32083070 0.29000633 0.16767868 1.003961
ENSG00000015413_DPEP1 2.313355 0.2491517 0.21157204 0.29630941 0.30400208 0.18811648 0.9629497
ENSG00000015475_BID 2.784428 0.4430554 0.25273140 0.27241806 0.28653886 0.18831169 0.9608681
ENSG00000015520_NPC1L1 2.478035 0.2608477 0.17786666 0.33071570 0.26881383 0.22260382 0.9784512
ENSG00000015532_XYLT2 3.7669 0.1164607 0.19629939 0.31387783 0.31279697 0.17702581 0.9713038
ENSG00000015592_STMN4 2.553953 0.05546479 0.30771743 0.23371594 0.29003359 0.16853303 0.9899463
ENSG00000016082_ISL1 1.944978 0.06075463 0.24924515 0.26582794 0.28248263 0.20244428 0.959854
ENSG00000016391_CHDH 3.024136 0.161764 0.20187348 0.31293191 0.31863569 0.16655891 0.9792923
ENSG00000016402_IL20RA 2.765251 0.4330388 0.28521322 0.23170882 0.23880069 0.24427728 0.9668701
ENSG00000016864_GLT8D1 4.01656 0.1517628 0.29862432 0.22222951 0.21643374 0.26271242 0.953785
ENSG00000017260_ATP2C1 2.955744 0.06271655 0.28501676 0.19251074 0.24383057 0.27864192 1.096429
ENSG00000017483_SLC38A5 2.535753 0.2552412 0.18664752 0.29643890 0.25560704 0.26130653 0.9811487
ENSG00000017797_RALBP1 2.436233 0.07783379 0.32561833 0.21360903 0.27290390 0.18786873 0.9469166
ENSG00000018189_RUFY3 2.110856 0.1463045 0.32784709 0.21335084 0.24904064 0.20976144 0.9560237
ENSG00000018236_CNTN1 2.739356 0.07455206 0.30058161 0.21581544 0.23590904 0.24769390 0.9423173
ENSG00000018280_SLC11A1 2.430382 0.210833 0.17754312 0.32540954 0.26568912 0.23135822 0.9843958
ENSG00000018408_WWTR1 2.293739 0.1020064 0.23727111 0.33564555 0.25756726 0.16951607 0.9912796
ENSG00000018510_AGPS 2.066905 0.1955276 0.29628602 0.18936030 0.24792493 0.26642876 0.9481817
ENSG00000018610_CXorf56 2.850928 0.04363585 0.29524120 0.21563840 0.28932660 0.19979380 1.053534
ENSG00000018625_ATP1A2 3.297237 0.019485 0.21791954 0.28586331 0.29048914 0.20572801 0.9764932
ENSG00000018699_TTC27 3.166988 0.1927929 0.29008371 0.20265183 0.24577785 0.26148660 0.9403986
ENSG00000019102_VSIG2 2.777641 0.2656885 0.19663355 0.29842715 0.28024283 0.22469647 0.9728645
ENSG00000019144_PHLDB1 2.644929 0.1225023 0.21031908 0.31232858 0.31722335 0.16012899 0.9835542
ENSG00000019169_MARCO 2.303022 0.5063279 0.26064757 0.24661927 0.32927297 0.16346020 0.9579731
ENSG00000019186_CYP24A1 2.638438 0.1714449 0.26069528 0.25682494 0.26755477 0.21492501 1.025255
ENSG00000019505_SYT13 2.895442 0.1160645 0.21601353 0.30705210 0.31003405 0.16690033 0.9943385
ENSG00000019549_SNAI2 2.657182 0.05185347 0.26496960 0.30203717 0.20457590 0.22841733 0.9886909
ENSG00000019991_HGF 3.079164 0.09436361 0.30738304 0.20875778 0.23062865 0.25323052 0.9749058
ENSG00000019995_ZRANB1 3.062882 0.04053492 0.27908808 0.20377462 0.26035814 0.25677917 0.9586043
ENSG00000020129_NCDN 3.248196 0.05907925 0.17324578 0.32637683 0.30619921 0.19417818 0.9759199
ENSG00000020181_GPR124 2.688281 0.1612089 0.16922759 0.34375392 0.30839469 0.17862381 0.9886778
ENSG00000020256_ZFP64 2.006051 0.1249032 0.23906887 0.33167911 0.26576147 0.16349055 1.008994
ENSG00000020426_MNAT1 2.363553 0.08613831 0.34275296 0.18532361 0.23427530 0.23764813 0.9917267
ENSG00000020577_SAMD4A 2.78329 0.1284443 0.25317970 0.30453343 0.25195819 0.19032867 0.9766538
ENSG00000020633_RUNX3 2.440151 0.1392863 0.18230159 0.38306878 0.29148148 0.14314815 0.9871804
ENSG00000020922_MRE11A 3.078427 0.1555459 0.32727952 0.18066128 0.23756714 0.25449206 0.951538
ENSG00000021300_PLEKHB1 3.50006 0.1032156 0.18808151 0.30945790 0.32468281 0.17777778 0.9739286
ENSG00000021488_SLC7A9 2.480681 0.1357855 0.21500776 0.27704971 0.24600166 0.26194086 0.9838385
ENSG00000021574_SPAST 2.260724 0.1587599 0.29878785 0.22485121 0.24055238 0.23580856 0.9712002
ENSG00000021762_OSBPL5 2.207298 0.198264 0.21325243 0.32059525 0.30679900 0.15935332 0.9757264
ENSG00000021776_AQR 2.812437 0.1000035 0.29781445 0.21705523 0.21749388 0.26763644 0.9418049
ENSG00000021826_CPS1 2.756883 0.090432 0.27690228 0.22001086 0.25064334 0.25244352 1.040009
ENSG00000022277_RTFDC1 3.029854 0.1484617 0.29778766 0.22329271 0.28387132 0.19504831 0.9737685
ENSG00000022355_GABRA1 2.365373 0.04470377 0.30247635 0.23089203 0.21747849 0.24915314 0.9656495
ENSG00000023041_ZDHHC6 3.049424 0.1147226 0.28878898 0.19056242 0.23385787 0.28679072 0.9267534
ENSG00000023171_GRAMD1B 2.59937 0.08363657 0.26491141 0.28804660 0.25038644 0.19665555 0.9603199
ENSG00000023191_RNH1 2.460958 0.3398334 0.18518519 0.30549892 0.33254049 0.17677540 0.9840758
ENSG00000023228_NDUFS1 2.796554 0.1077146 0.28581402 0.19926929 0.25275761 0.26215908 0.9565475
ENSG00000023287_RB1CC1 2.855647 0.1467899 0.34918120 0.17887608 0.21650244 0.25544027 0.9589205
ENSG00000023330_ALAS1 3.084926 0.1040747 0.24798199 0.26623616 0.26474920 0.22103266 0.9566812
ENSG00000023445_BIRC3 3.05491 0.2179153 0.29423825 0.21254337 0.23029475 0.26292363 0.9686704
ENSG00000023516_AKAP11 3.41323 0.3550129 0.31783889 0.19779303 0.21628385 0.26808423 0.9449416
ENSG00000023608_SNAPC1 2.653415 0.2566577 0.35501076 0.18092753 0.22439683 0.23966488 0.9572072
ENSG00000023697_DERA 2.532078 0.1286865 0.27891037 0.22034590 0.25094059 0.24980313 0.9835
ENSG00000023734_STRAP 2.388126 0.08248273 0.29535495 0.18705017 0.24369904 0.27389584 0.934892
ENSG00000023839_ABCC2 2.870795 0.3089644 0.26784085 0.23060104 0.23498270 0.26657542 0.9803894
ENSG00000023892_DEF6 2.602599 0.1093532 0.23342339 0.27914274 0.33535968 0.15207419 0.993121
ENSG00000023902_PLEKHO1 2.51259 0.1626182 0.25345147 0.29831470 0.29128284 0.15695099 0.9834514
ENSG00000023909_GCLM 2.431845 0.09604063 0.29376637 0.22066807 0.23564540 0.24992016 0.9519356
ENSG00000024048_UBR2 2.894674 0.1250633 0.30199447 0.19890806 0.23063761 0.26845986 1.050823
ENSG00000024422_EHD2 2.155554 0.07622288 0.19794228 0.31044821 0.32151331 0.17009620 0.9696732
ENSG00000024862_CCDC28A 2.086503 0.2466824 0.29365698 0.22206139 0.26611736 0.21816427 0.9513744
ENSG00000025039_RRAGD 2.187948 0.06535887 0.29257916 0.21272784 0.24156926 0.25312374 0.9923955
ENSG00000025156_HSF2 3.097907 0.1121372 0.32680967 0.19922412 0.21388932 0.26007689 0.9832934
ENSG00000025293_PHF20 2.661497 0.190949 0.30661972 0.22347470 0.25836881 0.21153678 0.9459101
ENSG00000025423_HSD17B6 2.811057 0.439576 0.24064013 0.22940459 0.29016521 0.23979007 0.9749529
ENSG00000025434_NR1H3 3.296656 0.1354641 0.21994619 0.30294090 0.28676130 0.19035161 0.9657287
ENSG00000025772_TOMM34 3.052772 0.2552624 0.27768452 0.26229646 0.27052207 0.18949695 0.9799892
ENSG00000025796_SEC63 2.516664 0.09577645 0.34516092 0.18254293 0.22968270 0.24261344 0.9447672
ENSG00000025800_KPNA6 3.006883 0.06096341 0.26963583 0.24527344 0.25288669 0.23220404 0.9584431
ENSG00000026025_VIM 2.055014 0.09400945 0.25263178 0.27803675 0.28364992 0.18568154 1.06419
ENSG00000026103_FAS 2.214485 0.5892728 0.32962480 0.20286832 0.22792989 0.23957700 0.973271
ENSG00000026508_CD44 2.533323 0.4173036 0.29891954 0.26298139 0.23762835 0.20047072 0.9848224
ENSG00000026559_KCNG1 1.69363 0.1041614 0.17079875 0.33834086 0.30736772 0.18349266 0.9878305
ENSG00000026652_AGPAT4 2.085262 0.1464658 0.22589697 0.27793646 0.26578473 0.23038184 0.9671328
ENSG00000026751_SLAMF7 3.072264 0.8040786 0.28292328 0.25851597 0.22305259 0.23550816 0.9916272
ENSG00000027001_MIPEP 2.731462 0.1373809 0.25476454 0.23212700 0.25613072 0.25697774 1.034054
ENSG00000027075_PRKCH 2.646618 0.06104319 0.25974795 0.25224953 0.26107120 0.22693132 0.9823467
ENSG00000027644_INSRR 2.863533 0.1377633 0.19753006 0.31947969 0.29173626 0.19125399 0.9776317
ENSG00000027697_IFNGR1 3.066521 0.5890912 0.30438587 0.21033918 0.21704084 0.26823411 0.9846067
ENSG00000027847_B4GALT7 2.855189 0.1173339 0.19300358 0.32586143 0.28649500 0.19463999 0.9760686
ENSG00000027869_SH2D2A 2.85766 0.4097343 0.20890014 0.35542692 0.28191027 0.15376266 0.9837422
ENSG00000028116_VRK2 2.735083 0.4294108 0.33219082 0.19004429 0.22161288 0.25615201 0.950098
ENSG00000028137_TNFRSF1B 2.82069 0.4111452 0.20697423 0.33235867 0.28936539 0.17130171 0.9758065
ENSG00000028203_VEZT 2.916446 0.2805703 0.30638321 0.22037612 0.22255655 0.25068411 0.9784943
ENSG00000028310_BRD9 2.692205 0.1222012 0.26869155 0.25360145 0.28516783 0.19253917 1.00851
ENSG00000028528_SNX1 2.619919 0.102916 0.28704139 0.24022755 0.27103665 0.20169441 0.9584851
ENSG00000029153_ARNTL2 3.302085 0.3172479 0.31622660 0.19925977 0.22157290 0.26294073 0.9691309
ENSG00000029363_BCLAF1 2.449817 0.07947964 0.34812280 0.19991446 0.23049140 0.22147134 1.158892
ENSG00000029364_SLC39A9 2.698941 0.1425139 0.22764093 0.25055984 0.26316663 0.25863261 0.9739508
ENSG00000029534_ANK1 2.510711 0.1235708 0.24270733 0.29143506 0.28851508 0.17734253 0.9625883
ENSG00000029559_IBSP 2.293165 0.3158722 0.35080214 0.19794323 0.26855889 0.18269574 0.9492732
ENSG00000029639_TFB1M 2.775404 0.2063185 0.27809684 0.22957347 0.24626694 0.24606274 0.9807936
ENSG00000029725_RABEP1 2.548704 0.09751516 0.33914898 0.19144239 0.26557031 0.20383833 0.9470235
ENSG00000030066_NUP160 2.825397 0.1359932 0.26209934 0.22155327 0.24130100 0.27504640 0.9742174
ENSG00000030110_BAK1 3.134482 0.2545468 0.18807661 0.29196751 0.30931609 0.21063979 0.9686493
ENSG00000030419_IKZF2 2.791188 0.1380641 0.30123718 0.24694902 0.24399456 0.20781924 0.9514873
ENSG00000030582_GRN 2.90987 0.3442659 0.17955754 0.32009364 0.30266809 0.19768073 0.9868481
ENSG00000031003_FAM13B 2.679178 0.223215 0.33740640 0.17569703 0.22681266 0.26008391 0.9310967
ENSG00000031081_ARHGAP31 2.936571 0.307165 0.26107116 0.28260355 0.26400243 0.19232286 0.9614154
ENSG00000031691_CENPQ 3.360312 0.5898596 0.40704922 0.17504836 0.19876066 0.21914177 0.9459509
ENSG00000031698_SARS 3.314267 0.09962 0.26892835 0.23724711 0.28177401 0.21205053 0.9516092
ENSG00000031823_RANBP3 3.035605 0.1639263 0.25522257 0.28908913 0.29592319 0.15976511 0.9651611
ENSG00000032219_ARID4A 2.781814 0.1727818 0.37927310 0.16456283 0.23510585 0.22105821 0.9298689
ENSG00000032389_TSSC1 2.449805 0.08163417 0.24963159 0.27939876 0.27969349 0.19127616 1.08883
ENSG00000032444_PNPLA6 2.490065 0.08310555 0.18889549 0.31556935 0.31184192 0.18369324 0.9882516
ENSG00000032742_IFT88 3.370945 0.09617979 0.34689746 0.17881927 0.22291955 0.25136372 0.986647
ENSG00000033030_ZCCHC8 2.443429 0.216768 0.29679490 0.23850888 0.25083042 0.21386580 0.9653072
ENSG00000033100_CHPF2 3.509774 0.06350181 0.17399387 0.31440998 0.31413456 0.19746159 0.9795195
ENSG00000033122_LRRC7 2.239076 0.09526363 0.30384250 0.23793755 0.22624395 0.23197600 0.9618691
ENSG00000033170_FUT8 3.760369 0.05818369 0.30144612 0.21177714 0.23764016 0.24913659 1.01049
ENSG00000033178_UBA6 3.340588 0.1599058 0.31944240 0.19322358 0.20619171 0.28114231 1.002116
ENSG00000033327_GAB2 2.88942 0.1359824 0.25007926 0.32837241 0.24233947 0.17920886 0.9735176
ENSG00000033627_ATP6V0A1 2.395703 0.09228878 0.25095732 0.23595156 0.24423274 0.26885838 0.9736948
ENSG00000033800_PIAS1 2.887943 0.07487954 0.28784533 0.26120443 0.19612018 0.25483006 0.9649965
ENSG00000033867_SLC4A7 2.795138 0.1093692 0.27789416 0.20781227 0.23072854 0.28356504 0.9873589
ENSG00000034053_APBA2 2.887889 0.1173051 0.24764898 0.29349849 0.30158378 0.15726875 0.9809181
ENSG00000034152_MAP2K3 2.859497 0.08444097 0.23960756 0.27321524 0.28439792 0.20277927 0.9697934
ENSG00000034239_EFCAB1 2.612513 0.163256 0.32595003 0.16068077 0.24198056 0.27138865 0.9629394
ENSG00000034533_ASTE1 3.116691 0.2804616 0.26260098 0.23516091 0.24119984 0.26103827 0.9553327
ENSG00000034677_RNF19A 3.562082 0.09723401 0.30445529 0.18622853 0.24467119 0.26464499 0.936533
ENSG00000034693_PEX3 3.692294 0.09722373 0.31326613 0.19982015 0.21456292 0.27235080 0.9501369
ENSG00000034713_GABARAPL2 2.91754 0.0897746 0.27945307 0.20938655 0.26496674 0.24619364 0.9612964
ENSG00000034971_MYOC 2.735676 0.2658938 0.24430562 0.28333973 0.29641807 0.17593658 0.9772789
ENSG00000035115_SH3YL1 2.699963 0.1460585 0.29977713 0.20664613 0.24934265 0.24423409 0.950201
ENSG00000035403_VCL 3.045575 0.03021131 0.27437386 0.24345872 0.28180277 0.20036465 0.9514715
ENSG00000035499_DEPDC1B 2.922701 0.1181275 0.29237464 0.21879516 0.23058781 0.25824240 1.037715
ENSG00000035664_DAPK2 2.127168 0.1135245 0.26820443 0.24604251 0.28720036 0.19855269 0.9840014
ENSG00000035681_NSMAF 2.961501 0.1230244 0.28874399 0.22114018 0.23789765 0.25221818 0.9451952
ENSG00000035687_ADSS 2.710343 0.07249905 0.30062938 0.17905513 0.25177263 0.26854286 0.9454168
ENSG00000035720_STAP1 2.753518 0.2694736 0.34762114 0.19762846 0.22128532 0.23346509 0.9387135
ENSG00000035862_TIMP2 2.236123 0.127366 0.24197822 0.28098322 0.29212050 0.18491806 0.9745261
ENSG00000035928_RFC1 2.986827 0.2191814 0.35321112 0.19419676 0.23589414 0.21669797 0.960877
ENSG00000036054_TBC1D23 2.606852 0.1008652 0.30615653 0.18808674 0.22622030 0.27953643 0.928972
ENSG00000036257_CUL3 3.428608 0.007449074 0.34937798 0.17039432 0.22424324 0.25598446 0.9323255
ENSG00000036448_MYOM2 2.16217 0.1124854 0.25634207 0.24769261 0.28461739 0.21134793 1.01282
ENSG00000036473_OTC 2.833285 0.1365461 0.30203801 0.21397842 0.23426015 0.24972343 0.9935123
ENSG00000036530_CYP46A1 2.218437 0.1211108 0.20615114 0.29021937 0.30077789 0.20285160 0.9655896
ENSG00000036549_ZZZ3 3.144951 0.2080263 0.33010779 0.20072196 0.22881150 0.24035875 0.9358862
ENSG00000036565_SLC18A1 3.47939 0.2383159 0.19082312 0.27307086 0.26260092 0.27350510 0.972754
ENSG00000036672_USP2 3.063448 0.1383784 0.23463541 0.31049969 0.25485908 0.20000583 0.964677
ENSG00000036828_CASR 2.727637 0.08536636 0.22660166 0.29217881 0.25529691 0.22592262 0.9652964
ENSG00000037042_TUBG2 3.144359 0.03744304 0.23305802 0.31169573 0.26919547 0.18605078 0.9724937
ENSG00000037280_FLT4 2.796229 0.1597727 0.21837238 0.30032347 0.30543918 0.17586497 0.9774786
ENSG00000037474_NSUN2 2.628536 0.1361981 0.27359626 0.23253287 0.28382121 0.21004966 0.9613305
ENSG00000037637_FBXO42 4.022521 0.06300846 0.23872981 0.27677435 0.26516153 0.21933431 0.971719
ENSG00000037749_MFAP3 3.641162 0.1963184 0.27232195 0.23233603 0.22963745 0.26570456 0.9762278
