ENSG00000000003_TSPAN6 2.83714 0.187949 0.26653531 0.19251275 0.22577654 0.31517540
ENSG00000000005_TNMD 3.2173 0.108228 0.32033310 0.19437701 0.23097606 0.25431383
ENSG00000000457_SCYL3 2.78439 0.27543 0.26173553 0.24238508 0.24605793 0.24982146
ENSG00000000938_FGR 2.72238 0.163631 0.22528617 0.28790919 0.29799920 0.18880544
ENSG00000001036_FUCA2 2.16532 0.257776 0.25518177 0.23689992 0.25653810 0.25138021
ENSG00000001084_GCLC 2.66334 0.0809718 0.29475754 0.21896746 0.24838408 0.23789092
ENSG00000001167_NFYA 3.04146 0.0288987 0.27887776 0.26274185 0.27827549 0.18010490
ENSG00000001460_STPG1 2.59353 0.334467 0.27944968 0.28988948 0.19820303 0.23245782
ENSG00000001461_NIPAL3 3.0514 0.117009 0.21405915 0.28565250 0.25088565 0.24940270
ENSG00000001497_LAS1L 2.23919 0.380664 0.26108407 0.22823745 0.29831910 0.21235937
ENSG00000001561_ENPP4 3.47034 0.202146 0.30307998 0.20946032 0.19778518 0.28967452
ENSG00000001617_SEMA3F 3.70964 0.0624479 0.20070248 0.33574588 0.27776201 0.18578964
ENSG00000001626_CFTR 2.76892 0.163863 0.29966084 0.20248638 0.22124414 0.27660864
ENSG00000001629_ANKIB1 3.01932 0.125785 0.29847170 0.22255347 0.23600125 0.24297358
ENSG00000001630_CYP51A1 2.52414 0.139159 0.28227543 0.21738973 0.23521746 0.26511737
ENSG00000001631_KRIT1 3.88012 0.0562073 0.34820511 0.18934959 0.20036487 0.26208043
ENSG00000002016_RAD52 2.54813 0.336992 0.27538761 0.25162763 0.27885540 0.19412936
ENSG00000002330_BAD 2.46292 0.284899 0.19762615 0.32877273 0.33859557 0.13500555
ENSG00000002549_LAP3 2.72494 0.133661 0.26151838 0.23242835 0.28384249 0.22221077
ENSG00000002587_HS3ST1 1.95454 0.121065 0.20816072 0.34250674 0.27441310 0.17491944
ENSG00000002745_WNT16 2.76976 0.0992279 0.25425107 0.24973466 0.29686336 0.19915092
ENSG00000002746_HECW1 2.181 0.147976 0.24254296 0.27938032 0.27918386 0.19889286
ENSG00000002834_LASP1 2.56667 0.131684 0.26094533 0.29456182 0.29931751 0.14517534
ENSG00000002919_SNX11 2.92935 0.192204 0.22099945 0.26218747 0.27875921 0.23805387
ENSG00000003056_M6PR 2.8305 0.140631 0.25271528 0.21974399 0.29169899 0.23584174
ENSG00000003096_KLHL13 2.76319 0.0581083 0.27606040 0.21801351 0.23429699 0.27162911
ENSG00000003137_CYP26B1 2.5902 0.0736689 0.19282204 0.31901851 0.30516601 0.18299344
ENSG00000003147_ICA1 2.85379 0.155938 0.30423105 0.22792494 0.24832597 0.21951803
ENSG00000003249_DBNDD1 3.03482 0.184587 0.20996112 0.31790409 0.31352219 0.15861260
ENSG00000003393_ALS2 3.08761 0.138243 0.27239382 0.21873616 0.25911581 0.24975421
ENSG00000003436_TFPI 2.24917 0.431176 0.34100418 0.17249905 0.21785850 0.26863827
ENSG00000003509_NDUFAF7 2.8048 0.211026 0.27215828 0.20801845 0.25962097 0.26020230
ENSG00000003756_RBM5 3.40314 0.0425964 0.29805271 0.23062541 0.26270835 0.20861353
ENSG00000003987_MTMR7 2.65823 0.0899982 0.27871159 0.23977797 0.24832565 0.23318479
ENSG00000003989_SLC7A2 2.47142 0.142947 0.21372444 0.24954226 0.24860136 0.28813193
ENSG00000004059_ARF5 2.31653 0.075359 0.23291446 0.26284171 0.30037478 0.20386905
ENSG00000004139_SARM1 2.82085 0.109122 0.17101700 0.31088171 0.34024153 0.17785977
ENSG00000004142_POLDIP2 2.99141 0.0838489 0.22317530 0.28124350 0.28191932 0.21366188
ENSG00000004399_PLXND1 2.59614 0.124373 0.20321758 0.32552480 0.29256018 0.17869744
ENSG00000004455_AK2 3.09038 0.0980023 0.25661159 0.25981484 0.27337005 0.21020352
ENSG00000004468_CD38 2.33431 0.560223 0.26989956 0.23465160 0.25291902 0.24252982
ENSG00000004478_FKBP4 2.53574 0.174652 0.26672090 0.23964205 0.31028338 0.18335367
ENSG00000004487_KDM1A 2.54159 0.0497366 0.27220283 0.23936512 0.26763785 0.22079420
ENSG00000004534_RBM6 2.93528 0.223344 0.30840954 0.21215110 0.26843883 0.21100054
ENSG00000004660_CAMKK1 3.09908 0.125826 0.22942643 0.27739364 0.30673317 0.18644676
ENSG00000004700_RECQL 2.68627 0.162196 0.32626477 0.17642239 0.23134608 0.26596675
ENSG00000004766_CCDC132 3.06155 0.0584062 0.32958994 0.18687694 0.21661218 0.26692093
ENSG00000004799_PDK4 2.58842 0.116947 0.27762552 0.23781756 0.21890489 0.26565203
ENSG00000004809_SLC22A16 2.74251 0.496698 0.22915361 0.21734587 0.26041449 0.29308603
ENSG00000004838_ZMYND10 3.21912 0.179708 0.23574929 0.27716877 0.30072651 0.18635543
ENSG00000004846_ABCB5 3.17809 0.254965 0.30765159 0.19202535 0.23037281 0.26995026
ENSG00000004848_ARX 1.57083 0.279147 0.18364833 0.34448866 0.33612808 0.13573492
ENSG00000004864_SLC25A13 3.45094 0.0829729 0.25727814 0.22303842 0.25173160 0.26795184
ENSG00000004897_CDC27 2.61331 0.0951091 0.33231370 0.21071700 0.18941317 0.26755613
ENSG00000004939_SLC4A1 2.69816 0.273208 0.18775158 0.30998226 0.27962484 0.22264132
ENSG00000004948_CALCR 2.07545 0.2623 0.23297192 0.26294134 0.24142341 0.26266333
ENSG00000004961_HCCS 3.08359 0.12704 0.27052581 0.22733558 0.26907863 0.23305998
ENSG00000004975_DVL2 3.70521 0.0469542 0.20317242 0.31405873 0.29227532 0.19049353
ENSG00000005007_UPF1 2.61062 0.0191718 0.22891877 0.28986629 0.29274307 0.18847187
ENSG00000005020_SKAP2 2.62406 0.222454 0.32594436 0.18615698 0.24202669 0.24587197
ENSG00000005022_SLC25A5 2.96986 0.107909 0.23274825 0.24669073 0.27245944 0.24810158
ENSG00000005059_CCDC109B 2.77109 0.300255 0.29049610 0.22455526 0.23356340 0.25138524
ENSG00000005073_HOXA11 1.58368 0.196527 0.21553767 0.34375000 0.26718438 0.17352794
ENSG00000005100_DHX33 2.29479 0.123804 0.22929970 0.29180714 0.27599519 0.20289798
ENSG00000005102_MEOX1 3.40413 0.172061 0.22781013 0.33273337 0.29885301 0.14060349
ENSG00000005108_THSD7A 2.80372 0.0990303 0.26956869 0.23924180 0.28279399 0.20839552
ENSG00000005156_LIG3 3.23077 0.171894 0.26297648 0.25647061 0.27268239 0.20787052
ENSG00000005175_RPAP3 2.93367 0.242159 0.37142102 0.17459986 0.21008719 0.24389192
ENSG00000005187_ACSM3 3.41823 0.250717 0.31075714 0.20261633 0.23114262 0.25548391
ENSG00000005189_NONAME 3.06044 0.39299 0.28690326 0.23066854 0.23625003 0.24617816
ENSG00000005194_CIAPIN1 3.57718 0.213095 0.24940646 0.24258072 0.28071581 0.22729701
ENSG00000005238_FAM214B 4.62392 0.282167 0.18251147 0.33303296 0.28577388 0.19868169
ENSG00000005243_COPZ2 1.95124 0.226464 0.23812308 0.23919505 0.29177021 0.23091166
ENSG00000005249_PRKAR2B 2.32504 0.0973302 0.29179096 0.20103856 0.27983648 0.22733400
ENSG00000005339_CREBBP 3.33672 0.077772 0.25791007 0.31026290 0.25471576 0.17711127
ENSG00000005379_BZRAP1 3.43572 0.29167 0.20191074 0.30741560 0.33193893 0.15873473
ENSG00000005381_MPO 2.5161 0.207259 0.20103194 0.32873817 0.28228760 0.18794228
ENSG00000005421_PON1 2.64802 0.263895 0.28248544 0.20773317 0.22831750 0.28146389
ENSG00000005436_GCFC2 2.53817 0.414626 0.33676316 0.20094683 0.21989541 0.24239460
ENSG00000005448_WDR54 3.30643 0.181146 0.19182577 0.28739924 0.29302786 0.22774714
ENSG00000005469_CROT 2.83989 0.2568 0.30380507 0.19420104 0.22634338 0.27565052
ENSG00000005483_KMT2E 2.89738 0.156479 0.32475641 0.23956557 0.20372199 0.23195604
ENSG00000005486_RHBDD2 2.49791 0.219167 0.14940036 0.34848485 0.26836385 0.23375094
ENSG00000005513_SOX8 3.95368 0.113991 0.18358562 0.37883064 0.31163944 0.12594430
ENSG00000005700_IBTK 3.25429 0.243273 0.31192385 0.17910494 0.21988372 0.28908748
ENSG00000005810_MYCBP2 2.92758 0.0453652 0.29901209 0.21007815 0.23549541 0.25541435
ENSG00000005812_FBXL3 3.44317 0.0590787 0.28089992 0.20419766 0.22175623 0.29314619
ENSG00000005844_ITGAL 2.7894 0.359405 0.23550313 0.26511577 0.28223387 0.21714723
ENSG00000005882_PDK2 2.36077 0.116463 0.22377588 0.32160730 0.25041703 0.20419978
ENSG00000005884_ITGA3 3.09473 0.193518 0.20642202 0.30393499 0.29440587 0.19523713
ENSG00000005893_LAMP2 2.66887 0.465993 0.28529063 0.21470937 0.20841806 0.29158194
ENSG00000005981_ASB4 2.42812 0.108216 0.25286289 0.26210667 0.24361911 0.24141133
ENSG00000006015_C19orf60 2.1125 0.303805 0.18998308 0.31668359 0.34788494 0.14544839
ENSG00000006025_OSBPL7 2.81836 0.117824 0.21688168 0.30714522 0.29500496 0.18096813
ENSG00000006042_TMEM98 3.65886 0.0225162 0.20770057 0.27692131 0.28497469 0.23040344
ENSG00000006062_MAP3K14 3.41097 0.182267 0.23339195 0.30867036 0.28736192 0.17057577
ENSG00000006071_ABCC8 3.07257 0.0888043 0.21150658 0.30834510 0.26691649 0.21323183
ENSG00000006116_CACNG3 2.63528 0.040232 0.24060369 0.29278769 0.23453780 0.23207082
ENSG00000006118_TMEM132A 3.60048 0.183329 0.15958820 0.33592396 0.33498979 0.16949805
ENSG00000006125_AP2B1 2.74189 0.0724888 0.27717693 0.23452579 0.23728046 0.25101682
ENSG00000006194_ZNF263 2.70343 0.232144 0.26679858 0.25936461 0.28501938 0.18881743
ENSG00000006210_CX3CL1 3.20463 0.496611 0.20597967 0.32116927 0.28827156 0.18457949
ENSG00000006283_CACNA1G 3.04225 0.125926 0.19267427 0.31737466 0.28979590 0.20015517
ENSG00000006327_TNFRSF12A 2.42448 0.227608 0.12981467 0.33188146 0.34093432 0.19736954
ENSG00000006377_DLX6 1.55628 0.17593 0.25457947 0.32319541 0.24940173 0.17282339
ENSG00000006432_MAP3K9 3.30699 0.0836875 0.22371383 0.30538626 0.28994857 0.18095134
ENSG00000006451_RALA 2.28238 0.0301329 0.32523887 0.17048442 0.27892519 0.22535153
ENSG00000006453_BAIAP2L1 3.11211 0.160258 0.31828505 0.24422253 0.23004109 0.20745133
ENSG00000006459_KDM7A 3.31803 0.159305 0.32264615 0.20460054 0.23314336 0.23960995
ENSG00000006468_ETV1 2.58578 0.0622677 0.27988126 0.27017429 0.22901528 0.22092917
ENSG00000006530_AGK 2.3463 0.168543 0.27472157 0.24726836 0.25992126 0.21808880
ENSG00000006534_ALDH3B1 2.10614 0.234418 0.18568449 0.32416953 0.31764913 0.17249684
ENSG00000006576_PHTF2 2.7037 0.132855 0.30698194 0.19900006 0.21496383 0.27905417
ENSG00000006634_DBF4 3.35171 0.456854 0.36957562 0.17750516 0.18594346 0.26697575
ENSG00000006652_IFRD1 2.83375 0.100501 0.29860076 0.19692625 0.24874795 0.25572504
ENSG00000006695_COX10 2.6542 0.21252 0.22584246 0.29042713 0.24990341 0.23382700
ENSG00000006712_PAF1 3.18828 0.0515085 0.28165609 0.24231597 0.30282829 0.17319965
ENSG00000006715_VPS41 2.93398 0.0513146 0.30373272 0.19491297 0.24605307 0.25530124
ENSG00000006740_ARHGAP44 2.18392 0.145854 0.24048247 0.29905634 0.26810991 0.19235128
ENSG00000006744_ELAC2 2.6413 0.214918 0.23018937 0.28184106 0.28820642 0.19976315
ENSG00000006831_ADIPOR2 3.10448 0.11465 0.21592102 0.24544330 0.24826717 0.29036850
ENSG00000007047_MARK4 2.16232 0.14655 0.21540788 0.33170363 0.30023077 0.15265772
ENSG00000007168_PAFAH1B1 3.17389 0.0720684 0.29989049 0.18981130 0.25016848 0.26012973
ENSG00000007174_DNAH9 3.06638 0.168586 0.26177845 0.25686399 0.26338432 0.21797323
ENSG00000007202_KIAA0100 3.27202 0.120215 0.24291944 0.26152654 0.25928686 0.23626716
ENSG00000007216_SLC13A2 2.455 0.309967 0.19089170 0.33045588 0.25170703 0.22694539
ENSG00000007237_GAS7 3.49613 0.0544085 0.28496312 0.27370233 0.28231079 0.15902375
ENSG00000007255_TRAPPC6A 2.84782 0.232821 0.17679667 0.31320531 0.31577905 0.19421897
ENSG00000007264_MATK 2.21406 0.117709 0.20072806 0.30081463 0.33435440 0.16410291
ENSG00000007312_CD79B 2.40891 0.487175 0.23893572 0.27946084 0.29517914 0.18642431
ENSG00000007350_TKTL1 3.20422 0.278741 0.24111684 0.25364589 0.27225422 0.23298306
ENSG00000007376_RPUSD1 3.43336 0.122783 0.19838788 0.33600862 0.30015287 0.16545063
ENSG00000007384_RHBDF1 2.7551 0.0740959 0.18245303 0.32565625 0.30011146 0.19177926
ENSG00000007392_LUC7L 2.35297 0.0786413 0.28020090 0.22389638 0.31985197 0.17605075
ENSG00000007402_CACNA2D2 3.07302 0.0741134 0.24097339 0.28202122 0.28158385 0.19542155
ENSG00000007516_BAIAP3 2.47511 0.175606 0.19678243 0.30770212 0.31652539 0.17899006
ENSG00000007520_TSR3 2.97475 0.24488 0.18501313 0.29455329 0.34827981 0.17215377
ENSG00000007541_PIGQ 2.99491 0.1894 0.15441297 0.33325164 0.29475868 0.21757671
ENSG00000007545_CRAMP1L 3.29756 0.165659 0.20681871 0.33158793 0.28178574 0.17980762
ENSG00000007866_TEAD3 2.9747 0.0673073 0.22162243 0.32375811 0.27361138 0.18100808
ENSG00000007908_SELE 2.84714 0.347915 0.24929687 0.25459793 0.26408093 0.23202427
ENSG00000007923_DNAJC11 2.57003 0.0587949 0.25667823 0.25355882 0.28958244 0.20018051
ENSG00000007933_FMO3 3.16288 0.263435 0.26709009 0.23057923 0.24365331 0.25867736
ENSG00000007944_MYLIP 2.588 0.0595353 0.25221415 0.25386235 0.27791016 0.21601334
ENSG00000007952_NOX1 3.45206 0.359568 0.24764931 0.23453005 0.23085071 0.28696993
ENSG00000007968_E2F2 2.51925 0.218238 0.21594081 0.33389585 0.28716384 0.16299950
ENSG00000008018_PSMB1 2.3219 0.0880944 0.25375254 0.23866559 0.26515413 0.24242773
ENSG00000008056_SYN1 3.18571 0.0964775 0.20727278 0.34973858 0.28187909 0.16110955
ENSG00000008083_JARID2 2.21948 0.161175 0.26143415 0.27750709 0.28839347 0.17266529
ENSG00000008118_CAMK1G 2.89736 0.137004 0.25017112 0.28117007 0.26405850 0.20460031
ENSG00000008196_TFAP2B 1.77992 0.0855695 0.23080566 0.31967876 0.25918033 0.19033525
ENSG00000008197_TFAP2D 3.03759 0.0290231 0.26065937 0.29384126 0.23722429 0.20827509
ENSG00000008256_CYTH3 1.88338 0.046418 0.29169400 0.24067731 0.27036416 0.19726453
ENSG00000008277_ADAM22 2.42033 0.137125 0.29303783 0.20256762 0.24988077 0.25451378
ENSG00000008282_SYPL1 2.30291 0.400415 0.23704260 0.21951568 0.22012376 0.32331795
ENSG00000008283_CYB561 3.21269 0.185874 0.15544531 0.30852823 0.29840932 0.23761714
ENSG00000008294_SPAG9 2.97314 0.0838127 0.31084195 0.20548113 0.25860674 0.22507018
ENSG00000008300_CELSR3 3.17343 0.132521 0.18663414 0.31830202 0.29912336 0.19594047
ENSG00000008311_AASS 3.0535 0.152522 0.28655067 0.20817643 0.24582429 0.25944861
ENSG00000008323_PLEKHG6 3.23557 0.272534 0.21516804 0.31537758 0.29316153 0.17629285
ENSG00000008324_SS18L2 2.28752 0.152557 0.27549528 0.24797234 0.27310198 0.20343039
ENSG00000008382_MPND 2.06285 0.152512 0.20305461 0.30568345 0.32598148 0.16528046
ENSG00000008394_MGST1 2.91516 0.241806 0.26561065 0.22572314 0.21223600 0.29643021
ENSG00000008405_CRY1 2.76125 0.0871403 0.27795754 0.21674898 0.24631017 0.25898331
ENSG00000008513_ST3GAL1 2.41341 0.181996 0.22751801 0.29802504 0.27682362 0.19763333
ENSG00000008516_MMP25 2.13446 0.217728 0.17241578 0.34834437 0.29622804 0.18301181
ENSG00000008710_PKD1 3.76359 0.204383 0.16602087 0.32826906 0.31365822 0.19205185
ENSG00000008735_MAPK8IP2 2.19104 0.146686 0.17652777 0.33282173 0.32242345 0.16822705
ENSG00000008838_MED24 2.94885 0.0919365 0.21870785 0.29735505 0.27337671 0.21056039
ENSG00000008853_RHOBTB2 3.05096 0.0642829 0.20144243 0.31354028 0.28163727 0.20338002
ENSG00000008869_HEATR5B 2.98039 0.0561594 0.26962935 0.22244137 0.23309101 0.27483827
ENSG00000009307_CSDE1 3.1374 0.100813 0.30409946 0.19372219 0.23918938 0.26298897
ENSG00000009335_UBE3C 2.47313 0.106187 0.26352038 0.22624693 0.24214925 0.26808343
ENSG00000009413_REV3L 3.56309 0.242105 0.33682790 0.20185055 0.19574911 0.26557243
ENSG00000009694_TENM1 3.2393 0.0490406 0.27951263 0.23043911 0.24031775 0.24973051
ENSG00000009724_MASP2 2.60603 0.274961 0.24634786 0.26984060 0.26213248 0.22167906
ENSG00000009765_IYD 2.57759 0.271634 0.28871048 0.23201394 0.26142021 0.21785536
ENSG00000009780_FAM76A 2.50086 0.0929262 0.32651194 0.22868314 0.24371239 0.20109253
ENSG00000009790_TRAF3IP3 3.23464 0.387505 0.29855755 0.25955792 0.27543491 0.16644963
ENSG00000009830_POMT2 3.12739 0.188391 0.20166046 0.29094617 0.26129511 0.24609825
ENSG00000009844_VTA1 2.31521 0.129059 0.30534810 0.22891808 0.22288036 0.24285346
ENSG00000009950_MLXIPL 2.4761 0.248759 0.18869095 0.37074426 0.26468725 0.17587754
ENSG00000009954_BAZ1B 2.97263 0.0857014 0.31665179 0.21050218 0.26844140 0.20440462
ENSG00000010017_RANBP9 3.13141 0.0603875 0.31745185 0.20604444 0.22743704 0.24906667
ENSG00000010219_DYRK4 2.79158 0.308741 0.28792101 0.25153955 0.23733099 0.22320845
ENSG00000010256_UQCRC1 2.93014 0.14127 0.20838471 0.28175986 0.30450866 0.20534677
ENSG00000010270_STARD3NL 2.8942 0.107371 0.26260711 0.21769209 0.23865711 0.28104369
ENSG00000010278_CD9 2.07147 0.225733 0.23194463 0.24687650 0.26842541 0.25275347
ENSG00000010282_HHATL 2.90368 0.142625 0.17193718 0.30173144 0.28443824 0.24189315
ENSG00000010292_NCAPD2 2.98773 0.195206 0.24647900 0.26933920 0.27159937 0.21258243
ENSG00000010310_GIPR 2.51465 0.265913 0.16583997 0.32289083 0.29604490 0.21522430
ENSG00000010318_PHF7 3.62417 0.301024 0.29276028 0.23370516 0.25004374 0.22349081
ENSG00000010319_SEMA3G 4.18855 0.172267 0.17693345 0.31362549 0.31976977 0.18967129
ENSG00000010322_NISCH 2.8146 0.147228 0.21366257 0.31148155 0.27801747 0.19683841
ENSG00000010327_STAB1 3.10115 0.236407 0.18516467 0.31230335 0.30420315 0.19832882
ENSG00000010361_FUZ 2.29009 0.187067 0.16437193 0.32527881 0.31460829 0.19574097
ENSG00000010379_SLC6A13 2.8361 0.15037 0.18805059 0.29638926 0.27119117 0.24436898
ENSG00000010626_LRRC23 2.20455 0.260642 0.26997377 0.25714816 0.28218989 0.19068818
ENSG00000010671_BTK 2.60325 0.0769714 0.29546932 0.22620232 0.24336982 0.23495854
ENSG00000010704_HFE 2.93059 0.365192 0.22098111 0.26875934 0.30156271 0.20869683
ENSG00000010803_SCMH1 2.65312 0.202168 0.24546957 0.30096738 0.23848737 0.21507568
ENSG00000010810_FYN 2.84882 0.0316825 0.28412369 0.24245703 0.26120928 0.21221000
ENSG00000010818_HIVEP2 2.60166 0.133468 0.27651758 0.26601226 0.24160578 0.21586438
ENSG00000010932_FMO1 2.82417 0.243949 0.27251545 0.24018168 0.23285381 0.25444906
ENSG00000011007_TCEB3 3.14933 0.243238 0.31095635 0.24853564 0.25863093 0.18187708
ENSG00000011009_LYPLA2 3.55754 0.0667677 0.19400540 0.30521982 0.28281755 0.21795723
ENSG00000011021_CLCN6 2.57668 0.0793121 0.20814328 0.27566495 0.27386806 0.24232372
ENSG00000011028_MRC2 3.12081 0.132427 0.20285148 0.31244104 0.30988965 0.17481783
ENSG00000011083_SLC6A7 2.82143 0.0825324 0.17401709 0.31592716 0.27757711 0.23247863
ENSG00000011105_TSPAN9 2.24451 0.137576 0.20666508 0.27645377 0.27470607 0.24217509
ENSG00000011114_BTBD7 3.15691 0.106168 0.27996946 0.24591007 0.23018136 0.24393911
ENSG00000011132_APBA3 2.91795 0.194567 0.18311385 0.34251658 0.30692233 0.16744724
ENSG00000011143_MKS1 3.32589 0.154587 0.23728046 0.26961060 0.28328333 0.20982561
ENSG00000011198_ABHD5 2.92297 0.101322 0.26812486 0.22133700 0.25038024 0.26015789
ENSG00000011243_AKAP8L 3.36784 0.119639 0.25930442 0.26106044 0.31335057 0.16628457
ENSG00000011258_MBTD1 3.15066 0.0531814 0.30814834 0.20258358 0.23035783 0.25891025
ENSG00000011260_UTP18 2.30764 0.255078 0.29030410 0.20044846 0.26439491 0.24485253
ENSG00000011275_RNF216 2.97893 0.163824 0.29216423 0.25026673 0.23942304 0.21814601
ENSG00000011304_PTBP1 2.50563 0.11183 0.23078119 0.31878423 0.25841066 0.19202391
ENSG00000011332_DPF1 2.05141 0.132166 0.23663653 0.29451928 0.29931722 0.16952697
ENSG00000011347_SYT7 2.39344 0.142417 0.23356276 0.31876385 0.28401671 0.16365669
ENSG00000011376_LARS2 2.87189 0.165838 0.24571463 0.26516766 0.27630512 0.21281258
ENSG00000011405_PIK3C2A 3.24325 0.189417 0.31857748 0.19797266 0.20241210 0.28103777
ENSG00000011422_PLAUR 2.36812 0.404177 0.21302972 0.31668718 0.28096243 0.18932067
ENSG00000011426_ANLN 2.83375 0.253371 0.31824585 0.22582862 0.22436909 0.23155644
ENSG00000011451_WIZ 3.44488 0.17238 0.19658065 0.33962763 0.30191187 0.16187986
ENSG00000011454_RABGAP1 3.14327 0.0542812 0.31619285 0.20073133 0.23973000 0.24334582
ENSG00000011465_DCN 2.45372 0.155106 0.28671057 0.25174921 0.21340376 0.24813646
ENSG00000011478_QPCTL 2.56547 0.18672 0.16114790 0.35147854 0.29039614 0.19697742
ENSG00000011485_PPP5C 2.92135 0.0619586 0.24730863 0.29201610 0.28214279 0.17853248
ENSG00000011523_CEP68 3.35394 0.469078 0.21139140 0.30300544 0.28554608 0.20005709
ENSG00000011566_MAP4K3 2.55367 0.0694267 0.32381805 0.20573592 0.20996379 0.26048224
ENSG00000011600_TYROBP 2.69467 0.273409 0.18464429 0.29293706 0.31591084 0.20650781
ENSG00000011638_TMEM159 3.38463 0.378972 0.19189730 0.25975325 0.25897521 0.28937424
ENSG00000011677_GABRA3 3.01996 0.0773787 0.26663294 0.26112454 0.22318401 0.24905851
ENSG00000012124_CD22 2.38775 0.554181 0.25029284 0.27806398 0.26745363 0.20418955
ENSG00000012171_SEMA3B 3.22093 0.125149 0.17748782 0.31257918 0.32227055 0.18766245
ENSG00000012174_MBTPS2 2.76949 0.119136 0.23578280 0.22822885 0.20853032 0.32745803
ENSG00000012211_PRICKLE3 3.07296 0.144365 0.18801707 0.33778520 0.29187535 0.18232239
ENSG00000012223_LTF 2.61341 0.409265 0.23590846 0.25657136 0.29522645 0.21229372
ENSG00000012232_EXTL3 3.05725 0.0421358 0.21797663 0.28145165 0.26324633 0.23732538
ENSG00000012504_NR1H4 2.68199 0.116057 0.31536244 0.20672571 0.23807551 0.23983635
ENSG00000012779_ALOX5 2.64123 0.101576 0.23828414 0.28209299 0.27222839 0.20739448
ENSG00000012822_CALCOCO1 3.38917 0.148166 0.25008757 0.26063643 0.32336378 0.16591221
ENSG00000012983_MAP4K5 2.81325 0.0971575 0.32601678 0.20423702 0.20731656 0.26242965
ENSG00000013016_EHD3 2.85595 0.0451108 0.23596809 0.27620257 0.30099842 0.18683093
ENSG00000013275_PSMC4 3.44821 0.0121836 0.25572368 0.26046053 0.28629386 0.19752193
ENSG00000013293_SLC7A14 3.30449 0.0600148 0.21785435 0.27349242 0.26822238 0.24043085
ENSG00000013297_CLDN11 2.32241 0.0538916 0.14271369 0.31764361 0.30057320 0.23906950
ENSG00000013374_NUB1 2.69187 0.11226 0.33304220 0.20872818 0.25286403 0.20536559
ENSG00000013375_PGM3 3.24518 0.1586 0.29984607 0.19979267 0.25671473 0.24364653
ENSG00000013392_RWDD2A 2.35186 0.111352 0.29466328 0.21544295 0.24339569 0.24649807
ENSG00000013441_CLK1 3.33724 0.0980975 0.33734275 0.17724196 0.22861031 0.25680497
ENSG00000013503_POLR3B 3.02583 0.0167931 0.29482847 0.20928885 0.24652516 0.24935752
ENSG00000013523_ANGEL1 3.19974 0.187402 0.20935892 0.28974927 0.28084391 0.22004790
ENSG00000013561_RNF14 2.64817 0.101389 0.26553514 0.21600255 0.25596208 0.26250023
ENSG00000013563_DNASE1L1 2.8034 0.298041 0.19296434 0.31226766 0.27846620 0.21630180
ENSG00000013573_DDX11 2.86133 0.21436 0.23629572 0.26702719 0.30182000 0.19485709
ENSG00000013583_HEBP1 3.36965 0.149607 0.25706007 0.24124552 0.30047640 0.20121801
ENSG00000013588_GPRC5A 2.81482 0.313703 0.19152367 0.30458336 0.24436213 0.25953083
ENSG00000013619_MAMLD1 2.17251 0.326846 0.22359079 0.34618653 0.23913754 0.19108513
ENSG00000013725_CD6 2.80657 0.387861 0.19414122 0.32642439 0.30003224 0.17940215
ENSG00000013810_TACC3 2.57534 0.411992 0.26012386 0.27736248 0.29136612 0.17114754
ENSG00000014123_UFL1 2.93973 0.160925 0.33202750 0.17966919 0.22824170 0.26006161
ENSG00000014138_POLA2 2.94165 0.1941 0.24464260 0.27377120 0.26195447 0.21963172
ENSG00000014216_CAPN1 2.04051 0.130822 0.21308133 0.28365096 0.30823726 0.19503046
ENSG00000014257_ACPP 2.65376 0.321862 0.25760095 0.25376198 0.23134405 0.25729301
ENSG00000014641_MDH1 2.95361 0.0954054 0.27670354 0.21667860 0.24437018 0.26224769
ENSG00000014824_SLC30A9 3.04644 0.146488 0.30717303 0.19409748 0.23547330 0.26325618
ENSG00000014919_COX15 3.48187 0.166091 0.21335073 0.26185742 0.26633114 0.25846071
ENSG00000015133_CCDC88C 2.58865 0.198995 0.25802833 0.28728304 0.31249258 0.14219605
ENSG00000015153_YAF2 1.84622 0.170925 0.33144947 0.22368129 0.24739583 0.19747340
ENSG00000015171_ZMYND11 2.69425 0.030837 0.32261296 0.20997037 0.25902071 0.20839595
ENSG00000015285_WAS 2.51525 0.177563 0.22148429 0.32083070 0.29000633 0.16767868
ENSG00000015413_DPEP1 2.32923 0.248772 0.21157204 0.29630941 0.30400208 0.18811648
ENSG00000015475_BID 2.78538 0.443004 0.25273140 0.27241806 0.28653886 0.18831169
ENSG00000015520_NPC1L1 2.47996 0.260746 0.17786666 0.33071570 0.26881383 0.22260382
ENSG00000015532_XYLT2 3.76626 0.116515 0.19629939 0.31387783 0.31279697 0.17702581
ENSG00000015592_STMN4 2.55708 0.055405 0.30771743 0.23371594 0.29003359 0.16853303
ENSG00000016082_ISL1 1.94648 0.0605381 0.24924515 0.26582794 0.28248263 0.20244428
ENSG00000016391_CHDH 3.02603 0.161624 0.20187348 0.31293191 0.31863569 0.16655891
ENSG00000016402_IL20RA 2.76607 0.433092 0.28521322 0.23170882 0.23880069 0.24427728
ENSG00000016864_GLT8D1 4.01534 0.151739 0.29862432 0.22222951 0.21643374 0.26271242
ENSG00000017260_ATP2C1 2.95289 0.0625633 0.28501676 0.19251074 0.24383057 0.27864192
ENSG00000017483_SLC38A5 2.53596 0.255227 0.18664752 0.29643890 0.25560704 0.26130653
ENSG00000017797_RALBP1 2.43749 0.0776656 0.32561833 0.21360903 0.27290390 0.18786873
ENSG00000018189_RUFY3 2.10951 0.146126 0.32784709 0.21335084 0.24904064 0.20976144
ENSG00000018236_CNTN1 2.73914 0.0745672 0.30058161 0.21581544 0.23590904 0.24769390
ENSG00000018280_SLC11A1 2.42928 0.210661 0.17754312 0.32540954 0.26568912 0.23135822
ENSG00000018408_WWTR1 2.29452 0.101968 0.23727111 0.33564555 0.25756726 0.16951607
ENSG00000018510_AGPS 2.06561 0.195588 0.29628602 0.18936030 0.24792493 0.26642876
ENSG00000018610_CXorf56 2.85153 0.0436164 0.29524120 0.21563840 0.28932660 0.19979380
ENSG00000018625_ATP1A2 3.29864 0.0194862 0.21791954 0.28586331 0.29048914 0.20572801
ENSG00000018699_TTC27 3.15902 0.193376 0.29008371 0.20265183 0.24577785 0.26148660
ENSG00000019102_VSIG2 2.77828 0.265653 0.19663355 0.29842715 0.28024283 0.22469647
ENSG00000019144_PHLDB1 2.64638 0.122419 0.21031908 0.31232858 0.31722335 0.16012899
ENSG00000019169_MARCO 2.30439 0.509844 0.26064757 0.24661927 0.32927297 0.16346020
ENSG00000019186_CYP24A1 2.63808 0.171374 0.26069528 0.25682494 0.26755477 0.21492501
ENSG00000019505_SYT13 2.90017 0.116005 0.21601353 0.30705210 0.31003405 0.16690033
ENSG00000019549_SNAI2 2.65629 0.0518423 0.26496960 0.30203717 0.20457590 0.22841733
ENSG00000019991_HGF 3.07763 0.0943451 0.30738304 0.20875778 0.23062865 0.25323052
ENSG00000019995_ZRANB1 3.06279 0.0405409 0.27908808 0.20377462 0.26035814 0.25677917
ENSG00000020129_NCDN 3.20472 0.0576684 0.17324578 0.32637683 0.30619921 0.19417818
ENSG00000020181_GPR124 2.68889 0.161144 0.16922759 0.34375392 0.30839469 0.17862381
ENSG00000020256_ZFP64 2.00689 0.124837 0.23906887 0.33167911 0.26576147 0.16349055
ENSG00000020426_MNAT1 2.34788 0.0859801 0.34275296 0.18532361 0.23427530 0.23764813
ENSG00000020577_SAMD4A 2.78207 0.12837 0.25317970 0.30453343 0.25195819 0.19032867
ENSG00000020633_RUNX3 2.44299 0.139132 0.18230159 0.38306878 0.29148148 0.14314815
ENSG00000020922_MRE11A 3.07625 0.155521 0.32727952 0.18066128 0.23756714 0.25449206
ENSG00000021300_PLEKHB1 3.52843 0.10337 0.18808151 0.30945790 0.32468281 0.17777778
ENSG00000021488_SLC7A9 2.48113 0.135664 0.21500776 0.27704971 0.24600166 0.26194086
ENSG00000021574_SPAST 2.25875 0.158813 0.29878785 0.22485121 0.24055238 0.23580856
ENSG00000021762_OSBPL5 2.20863 0.198042 0.21325243 0.32059525 0.30679900 0.15935332
ENSG00000021776_AQR 2.80129 0.100059 0.29781445 0.21705523 0.21749388 0.26763644
ENSG00000021826_CPS1 2.75654 0.090453 0.27690228 0.22001086 0.25064334 0.25244352
ENSG00000022277_RTFDC1 3.02987 0.148413 0.29778766 0.22329271 0.28387132 0.19504831
ENSG00000022355_GABRA1 2.36598 0.044694 0.30247635 0.23089203 0.21747849 0.24915314
ENSG00000023041_ZDHHC6 3.05609 0.113719 0.28878898 0.19056242 0.23385787 0.28679072
ENSG00000023171_GRAMD1B 2.62286 0.0833693 0.26491141 0.28804660 0.25038644 0.19665555
ENSG00000023191_RNH1 2.46282 0.339146 0.18518519 0.30549892 0.33254049 0.17677540
ENSG00000023228_NDUFS1 2.79509 0.107872 0.28581402 0.19926929 0.25275761 0.26215908
ENSG00000023287_RB1CC1 2.85204 0.146482 0.34918120 0.17887608 0.21650244 0.25544027
ENSG00000023330_ALAS1 3.07471 0.103798 0.24798199 0.26623616 0.26474920 0.22103266
ENSG00000023445_BIRC3 3.05633 0.217977 0.29423825 0.21254337 0.23029475 0.26292363
ENSG00000023516_AKAP11 3.41397 0.354943 0.31783889 0.19779303 0.21628385 0.26808423
ENSG00000023608_SNAPC1 2.65315 0.256739 0.35501076 0.18092753 0.22439683 0.23966488
ENSG00000023697_DERA 2.53071 0.128641 0.27891037 0.22034590 0.25094059 0.24980313
ENSG00000023734_STRAP 2.38407 0.0825744 0.29535495 0.18705017 0.24369904 0.27389584
ENSG00000023839_ABCC2 2.86987 0.30897 0.26784085 0.23060104 0.23498270 0.26657542
ENSG00000023892_DEF6 2.60466 0.109274 0.23342339 0.27914274 0.33535968 0.15207419
ENSG00000023902_PLEKHO1 2.51351 0.162542 0.25345147 0.29831470 0.29128284 0.15695099
ENSG00000023909_GCLM 2.42986 0.0959447 0.29376637 0.22066807 0.23564540 0.24992016
ENSG00000024048_UBR2 2.89426 0.125123 0.30199447 0.19890806 0.23063761 0.26845986
ENSG00000024422_EHD2 2.16166 0.0766737 0.19794228 0.31044821 0.32151331 0.17009620
ENSG00000024862_CCDC28A 2.08699 0.246517 0.29365698 0.22206139 0.26611736 0.21816427
ENSG00000025039_RRAGD 2.18332 0.065312 0.29257916 0.21272784 0.24156926 0.25312374
ENSG00000025156_HSF2 3.09486 0.112128 0.32680967 0.19922412 0.21388932 0.26007689
ENSG00000025293_PHF20 2.65831 0.191026 0.30661972 0.22347470 0.25836881 0.21153678
ENSG00000025423_HSD17B6 2.81404 0.439613 0.24064013 0.22940459 0.29016521 0.23979007
ENSG00000025434_NR1H3 3.29593 0.135452 0.21994619 0.30294090 0.28676130 0.19035161
ENSG00000025772_TOMM34 3.05343 0.255055 0.27768452 0.26229646 0.27052207 0.18949695
ENSG00000025796_SEC63 2.51674 0.0957041 0.34516092 0.18254293 0.22968270 0.24261344
ENSG00000025800_KPNA6 3.06243 0.0614438 0.26963583 0.24527344 0.25288669 0.23220404
ENSG00000026025_VIM 2.05386 0.0939076 0.25263178 0.27803675 0.28364992 0.18568154
ENSG00000026103_FAS 2.21351 0.589433 0.32962480 0.20286832 0.22792989 0.23957700
ENSG00000026508_CD44 2.53243 0.417569 0.29891954 0.26298139 0.23762835 0.20047072
ENSG00000026559_KCNG1 1.64982 0.10065 0.17079875 0.33834086 0.30736772 0.18349266
ENSG00000026652_AGPAT4 2.08557 0.146391 0.22589697 0.27793646 0.26578473 0.23038184
ENSG00000026751_SLAMF7 3.07469 0.803738 0.28292328 0.25851597 0.22305259 0.23550816
ENSG00000027001_MIPEP 2.72669 0.137412 0.25476454 0.23212700 0.25613072 0.25697774
ENSG00000027075_PRKCH 2.64739 0.0610447 0.25974795 0.25224953 0.26107120 0.22693132
ENSG00000027644_INSRR 2.86692 0.137772 0.19753006 0.31947969 0.29173626 0.19125399
ENSG00000027697_IFNGR1 3.06601 0.589402 0.30438587 0.21033918 0.21704084 0.26823411
ENSG00000027847_B4GALT7 2.85734 0.117196 0.19300358 0.32586143 0.28649500 0.19463999
ENSG00000027869_SH2D2A 2.8597 0.409527 0.20890014 0.35542692 0.28191027 0.15376266
ENSG00000028116_VRK2 2.73204 0.429325 0.33219082 0.19004429 0.22161288 0.25615201
ENSG00000028137_TNFRSF1B 2.82008 0.410756 0.20697423 0.33235867 0.28936539 0.17130171
ENSG00000028203_VEZT 2.91555 0.280595 0.30638321 0.22037612 0.22255655 0.25068411
ENSG00000028310_BRD9 2.69351 0.122094 0.26869155 0.25360145 0.28516783 0.19253917
ENSG00000028528_SNX1 2.61995 0.10291 0.28704139 0.24022755 0.27103665 0.20169441
ENSG00000029153_ARNTL2 3.30212 0.317345 0.31622660 0.19925977 0.22157290 0.26294073
ENSG00000029363_BCLAF1 2.45003 0.0795126 0.34812280 0.19991446 0.23049140 0.22147134
ENSG00000029364_SLC39A9 2.69825 0.142577 0.22764093 0.25055984 0.26316663 0.25863261
ENSG00000029534_ANK1 2.51062 0.123785 0.24270733 0.29143506 0.28851508 0.17734253
ENSG00000029559_IBSP 2.29437 0.316005 0.35080214 0.19794323 0.26855889 0.18269574
ENSG00000029639_TFB1M 2.77622 0.206345 0.27809684 0.22957347 0.24626694 0.24606274
ENSG00000029725_RABEP1 2.51041 0.0988944 0.33914898 0.19144239 0.26557031 0.20383833
ENSG00000030066_NUP160 2.82412 0.135976 0.26209934 0.22155327 0.24130100 0.27504640
ENSG00000030110_BAK1 3.13259 0.254431 0.18807661 0.29196751 0.30931609 0.21063979
ENSG00000030419_IKZF2 2.78814 0.138172 0.30123718 0.24694902 0.24399456 0.20781924
ENSG00000030582_GRN 2.91176 0.34402 0.17955754 0.32009364 0.30266809 0.19768073
ENSG00000031003_FAM13B 2.68355 0.223131 0.33740640 0.17569703 0.22681266 0.26008391
ENSG00000031081_ARHGAP31 2.92896 0.307486 0.26107116 0.28260355 0.26400243 0.19232286
ENSG00000031691_CENPQ 3.35766 0.589906 0.40704922 0.17504836 0.19876066 0.21914177
ENSG00000031698_SARS 3.30135 0.0995075 0.26892835 0.23724711 0.28177401 0.21205053
ENSG00000031823_RANBP3 3.03852 0.163964 0.25522257 0.28908913 0.29592319 0.15976511
ENSG00000032219_ARID4A 2.78304 0.172562 0.37927310 0.16456283 0.23510585 0.22105821
ENSG00000032389_TSSC1 2.4531 0.0815896 0.24963159 0.27939876 0.27969349 0.19127616
ENSG00000032444_PNPLA6 2.48766 0.083096 0.18889549 0.31556935 0.31184192 0.18369324
ENSG00000032742_IFT88 3.36876 0.0962149 0.34689746 0.17881927 0.22291955 0.25136372
ENSG00000033030_ZCCHC8 2.44399 0.216808 0.29679490 0.23850888 0.25083042 0.21386580
ENSG00000033100_CHPF2 3.51176 0.0635037 0.17399387 0.31440998 0.31413456 0.19746159
ENSG00000033122_LRRC7 2.24157 0.0952753 0.30384250 0.23793755 0.22624395 0.23197600
ENSG00000033170_FUT8 3.75771 0.058166 0.30144612 0.21177714 0.23764016 0.24913659
ENSG00000033178_UBA6 3.3406 0.159852 0.31944240 0.19322358 0.20619171 0.28114231
ENSG00000033327_GAB2 2.89248 0.13592 0.25007926 0.32837241 0.24233947 0.17920886
ENSG00000033627_ATP6V0A1 2.39565 0.0922684 0.25095732 0.23595156 0.24423274 0.26885838
ENSG00000033800_PIAS1 2.88822 0.0749177 0.28784533 0.26120443 0.19612018 0.25483006
ENSG00000033867_SLC4A7 2.79543 0.10935 0.27789416 0.20781227 0.23072854 0.28356504
ENSG00000034053_APBA2 2.88812 0.117262 0.24764898 0.29349849 0.30158378 0.15726875
ENSG00000034152_MAP2K3 2.85955 0.0843903 0.23960756 0.27321524 0.28439792 0.20277927
ENSG00000034239_EFCAB1 2.61252 0.163303 0.32595003 0.16068077 0.24198056 0.27138865
ENSG00000034533_ASTE1 3.11618 0.280318 0.26260098 0.23516091 0.24119984 0.26103827
ENSG00000034677_RNF19A 3.56176 0.0972268 0.30445529 0.18622853 0.24467119 0.26464499
ENSG00000034693_PEX3 3.68646 0.0973963 0.31326613 0.19982015 0.21456292 0.27235080
ENSG00000034713_GABARAPL2 2.91922 0.0896933 0.27945307 0.20938655 0.26496674 0.24619364
ENSG00000034971_MYOC 2.73715 0.265864 0.24430562 0.28333973 0.29641807 0.17593658
ENSG00000035115_SH3YL1 2.69842 0.14612 0.29977713 0.20664613 0.24934265 0.24423409
ENSG00000035403_VCL 3.06384 0.0301858 0.27437386 0.24345872 0.28180277 0.20036465
ENSG00000035499_DEPDC1B 2.92138 0.118051 0.29237464 0.21879516 0.23058781 0.25824240
ENSG00000035664_DAPK2 2.12791 0.113418 0.26820443 0.24604251 0.28720036 0.19855269
ENSG00000035681_NSMAF 2.96316 0.122637 0.28874399 0.22114018 0.23789765 0.25221818
ENSG00000035687_ADSS 2.70884 0.0725464 0.30062938 0.17905513 0.25177263 0.26854286
ENSG00000035720_STAP1 2.75104 0.266878 0.34762114 0.19762846 0.22128532 0.23346509
ENSG00000035862_TIMP2 2.24032 0.126957 0.24197822 0.28098322 0.29212050 0.18491806
ENSG00000035928_RFC1 2.98671 0.219235 0.35321112 0.19419676 0.23589414 0.21669797
ENSG00000036054_TBC1D23 2.61594 0.100694 0.30615653 0.18808674 0.22622030 0.27953643
ENSG00000036257_CUL3 3.31999 0.00695351 0.34937798 0.17039432 0.22424324 0.25598446
ENSG00000036448_MYOM2 2.16311 0.112487 0.25634207 0.24769261 0.28461739 0.21134793
ENSG00000036473_OTC 2.83199 0.136655 0.30203801 0.21397842 0.23426015 0.24972343
ENSG00000036530_CYP46A1 2.21298 0.120876 0.20615114 0.29021937 0.30077789 0.20285160
ENSG00000036549_ZZZ3 3.16513 0.208165 0.33010779 0.20072196 0.22881150 0.24035875
ENSG00000036565_SLC18A1 3.47954 0.238247 0.19082312 0.27307086 0.26260092 0.27350510
ENSG00000036672_USP2 3.06154 0.138268 0.23463541 0.31049969 0.25485908 0.20000583
ENSG00000036828_CASR 2.72832 0.0853564 0.22660166 0.29217881 0.25529691 0.22592262
ENSG00000037042_TUBG2 3.09525 0.0372092 0.23305802 0.31169573 0.26919547 0.18605078
ENSG00000037280_FLT4 2.79534 0.159727 0.21837238 0.30032347 0.30543918 0.17586497
ENSG00000037474_NSUN2 2.63011 0.136193 0.27359626 0.23253287 0.28382121 0.21004966
ENSG00000037637_FBXO42 4.03834 0.062917 0.23872981 0.27677435 0.26516153 0.21933431
ENSG00000037749_MFAP3 3.64363 0.196595 0.27232195 0.23233603 0.22963745 0.26570456
ENSG00000037897_METTL1 3.16226 0.166327 0.24950230 0.28281697 0.26449546 0.20318527
ENSG00000038002_AGA 2.4778 0.246075 0.27393772 0.22079938 0.25696061 0.24830229
ENSG00000038219_BOD1L1 3.19301 0.359113 0.34821538 0.20561279 0.26247666 0.18369516
ENSG00000038274_MAT2B 2.94055 0.0913384 0.28888705 0.20947342 0.24975889 0.25188063
ENSG00000038295_TLL1 2.82335 0.0916598 0.29413745 0.20211314 0.25407703 0.24967238
ENSG00000038358_EDC4 4.01302 0.0980742 0.21697493 0.30360754 0.28316952 0.19624801
ENSG00000038382_TRIO 2.56505 0.0553545 0.26343457 0.26326877 0.27512825 0.19816841
ENSG00000038427_VCAN 3.10723 0.499258 0.31448156 0.22909730 0.21826918 0.23815197
ENSG00000038532_CLEC16A 3.02777 0.0992568 0.24632314 0.28665317 0.25524885 0.21177484
ENSG00000038945_MSR1 2.72146 0.376774 0.31435520 0.19550730 0.25479720 0.23534030
ENSG00000039068_CDH1 2.50561 0.224431 0.26602086 0.26721906 0.25069810 0.21606198
ENSG00000039123_SKIV2L2 2.82844 0.0541014 0.32354472 0.17146023 0.23322252 0.27177253
ENSG00000039139_DNAH5 2.84022 0.1421 0.29207847 0.21350554 0.24244936 0.25196663
ENSG00000039319_ZFYVE16 3.55653 0.410669 0.32622677 0.17980228 0.20805973 0.28591122
ENSG00000039523_FAM65A 3.38034 0.265818 0.20958532 0.32427935 0.27355869 0.19257665
ENSG00000039537_C6 2.79311 0.319755 0.30091489 0.21388966 0.23752888 0.24766657
ENSG00000039560_RAI14 2.80294 0.176817 0.33537586 0.21888936 0.24798423 0.19775054
ENSG00000039600_SOX30 2.60429 0.284127 0.24054799 0.31344441 0.24420806 0.20179953
ENSG00000039650_PNKP 2.54967 0.173658 0.19323204 0.30948994 0.31616685 0.18111117
ENSG00000039987_BEST2 2.45726 0.113512 0.17327762 0.31921140 0.29776063 0.20975035
ENSG00000040199_PHLPP2 3.30465 0.116842 0.26447911 0.24885189 0.24497743 0.24169157
ENSG00000040275_SPDL1 3.00532 0.297287 0.36933291 0.18137674 0.23284325 0.21644710
ENSG00000040341_STAU2 2.92844 0.122668 0.33540738 0.21704864 0.22043624 0.22710775
ENSG00000040487_PQLC2 2.42212 0.250692 0.16587543 0.32630713 0.27857957 0.22923788
ENSG00000040633_PHF23 2.70109 0.134398 0.25041650 0.28480131 0.28436433 0.18041786
ENSG00000040731_CDH10 2.52874 0.0404641 0.30111364 0.22429165 0.22557183 0.24902287
ENSG00000040933_INPP4A 2.86107 0.0685567 0.24873069 0.27333298 0.27243333 0.20550300
ENSG00000041353_RAB27B 3.2531 0.0614489 0.32565543 0.20235955 0.24816479 0.22382022
ENSG00000041515_MYO16 2.17778 0.214096 0.26666230 0.26690817 0.24393229 0.22249724
ENSG00000041802_LSG1 3.01361 0.21969 0.29511244 0.22302998 0.26927712 0.21258045
ENSG00000041880_PARP3 3.18221 0.304328 0.24617522 0.29261700 0.29122787 0.16997991
ENSG00000041982_TNC 3.24137 0.174735 0.24248910 0.27704165 0.28407961 0.19638964
ENSG00000041988_THAP3 2.68156 0.293544 0.23222161 0.31155825 0.30328923 0.15293091
ENSG00000042062_FAM65C 2.88437 0.243719 0.20940824 0.29953262 0.31781559 0.17324355
ENSG00000042088_TDP1 3.30577 0.202314 0.27617495 0.25420837 0.24173800 0.22787868
ENSG00000042286_AIFM2 2.75114 0.186859 0.21929024 0.27613634 0.30731981 0.19725361
ENSG00000042317_SPATA7 3.08257 0.526118 0.33295024 0.21641692 0.20343603 0.24719681
ENSG00000042429_MED17 2.50414 0.0564757 0.29010810 0.22190623 0.24012850 0.24785717
ENSG00000042445_RETSAT 2.84924 0.284956 0.20868317 0.28439345 0.28782218 0.21910121
ENSG00000042493_CAPG 2.58515 0.104066 0.22382215 0.29149931 0.30584817 0.17883037
ENSG00000042753_AP2S1 2.7025 0.0135665 0.24767953 0.25924117 0.26624328 0.22683602
ENSG00000042813_ZPBP 2.44105 0.31003 0.28466661 0.21747688 0.21488851 0.28296800
ENSG00000042832_TG 3.32127 0.313198 0.21661769 0.27943415 0.27941154 0.22453662
ENSG00000042980_ADAM28 2.43835 0.347872 0.30937637 0.20374694 0.23907330 0.24780338
ENSG00000043039_BARX2 2.66868 0.182553 0.24295293 0.32878889 0.26376839 0.16448978
ENSG00000043143_JADE2 3.76843 0.103896 0.23479597 0.29012720 0.31179756 0.16327927
ENSG00000043355_ZIC2 2.3573 0.0691688 0.18423363 0.35386559 0.31811078 0.14379001
ENSG00000043462_LCP2 2.78771 0.206453 0.28944533 0.28880205 0.23003811 0.19171451
ENSG00000043514_TRIT1 3.56273 0.235202 0.28794439 0.23034143 0.25776135 0.22395283
ENSG00000044012_GUCA2B 2.92213 0.500451 0.19410077 0.31845078 0.28859602 0.19885243
ENSG00000044090_CUL7 3.43691 0.19989 0.20621224 0.29810233 0.30255548 0.19312995
ENSG00000044115_CTNNA1 2.90447 0.0261547 0.28286590 0.23279607 0.27143217 0.21290585
ENSG00000044446_PHKA2 2.92471 0.091576 0.25411892 0.25547898 0.26129269 0.22910941
ENSG00000044459_CNTLN 2.57373 0.434326 0.39537933 0.16883477 0.22725917 0.20852673
ENSG00000044574_HSPA5 2.83064 0.0396845 0.29567550 0.21551366 0.26019622 0.22861462
ENSG00000046604_DSG2 2.85701 0.320422 0.30207971 0.22177946 0.23969604 0.23644479
ENSG00000046647_GEMIN8 2.54324 0.327421 0.25496918 0.28431493 0.28158034 0.17913555
ENSG00000046651_OFD1 2.71767 0.425518 0.34684271 0.20058866 0.23165557 0.22091307
ENSG00000046653_GPM6B 2.50851 0.0821743 0.23865375 0.25630347 0.25947646 0.24556632
ENSG00000046889_PREX2 2.59596 0.0617526 0.31111896 0.20373175 0.24196895 0.24318034
